750 609
750 609
750 609
750 609
750 609
750 608
750 609
750 610
750 610
750 611
750 612
750 611
750 610
750 609
750 610
750 610
750 611
750 611
750 610
750 611
750 612
750 613
750 612
750 613
750 614
750 614
750 615
750 616
750 615
750 614
750 613
750 614
750 614
750 614
750 613
750 614
750 614
750 615
750 615
750 614
750 615
750 616
750 617
750 616
750 617
750 618
750 619
750 620
750 619
750 618
750 617
750 616
750 617
750 618
750 617
750 618
750 619
750 618
750 617
750 616
750 617
750 617
750 617
750 616
750 616
750 616
750 615
750 614
750 615
750 614
750 614
750 613
750 613
750 612
750 612
750 612
750 612
750 611
750 611
750 610
750 610
750 610
750 610
750 611
750 610
750 610
750 611
750 612
750 612
750 613
750 614
750 615
750 615
750 615
750 616
750 616
750 617
750 616
750 616
750 615
750 616
750 617
750 618
750 619
750 619
750 619
750 620
750 621
750 621
750 620
750 621
750 620
750 619
750 618
750 617
750 618
750 618
750 619
750 620
750 619
750 620
750 619
750 619
750 619
750 620
750 621
750 622
750 623
750 624
750 625
750 624
750 625
750 624
750 623
750 622
750 622
750 621
750 621
750 622
750 623
750 622
750 623
750 622
750 621
750 620
750 621
750 620
750 620
750 619
750 620
750 619
750 619
750 618
750 617
750 617
750 617
750 616
750 617
750 618
750 617
750 618
750 617
750 617
750 617
750 616
750 615
750 616
750 615
750 616
750 615
750 616
750 617
750 618
750 618
750 619
750 619
750 620
750 620
750 621
750 622
750 621
750 620
750 621
750 622
750 622
750 621
750 621
750 620
750 619
750 619
750 620
750 619
750 618
750 618
750 618
750 617
750 616
750 615
750 614
750 615
750 616
750 615
750 615
750 616
750 617
750 618
750 619
750 618
750 617
750 616
750 615
750 616
750 615
750 615
750 615
750 614
750 613
750 612
750 613
750 614
750 614
750 615
750 615
750 616
750 615
750 616
750 617
750 616
750 616
750 617
750 617
750 616
750 617
750 617
750 616
750 615
750 616
750 616
750 615
750 615
750 614
750 614
750 615
750 616
750 616
750 616
750 617
750 616
750 615
750 614
750 615
750 614
750 614
750 615
750 615
750 616
750 615
750 616
750 615
750 616
750 615
750 616
750 615
750 616
750 615
750 614
750 615
750 614
750 614
750 613
750 614
750 613
750 613
750 612
750 612
750 613
750 614
750 613
750 614
750 613
750 613
750 614
750 614
750 614
750 613
750 612
750 612
750 612
750 611
750 610
750 609
750 610
750 609
750 609
750 608
750 609
750 610
750 609
750 609
750 608
750 607
750 607
750 607
750 608
750 608
750 609
750 610
750 610
750 611
750 611
750 610
750 610
750 610
750 609
750 609
750 609
750 610
750 611
750 610
750 611
750 612
750 612
750 613
750 612
750 613
750 612
750 612
750 613
750 614
750 613
750 612
750 611
750 610
750 609
750 610
750 609
750 610
750 611
750 611
750 611
750 611
750 610
750 611
750 611
750 610
750 609
750 610
750 611
750 610
750 609
750 608
750 609
750 609
750 609
750 609
750 609
750 608
750 607
750 608
750 608
750 607
750 607
750 607
750 608
750 608
750 607
750 608
750 607
750 608
750 607
750 606
750 606
750 606
750 607
750 607
750 608
750 607
750 608
750 607
750 606
750 605
750 606
750 606
750 605
750 604
750 604
750 604
750 605
750 604
750 605
750 604
750 603
750 603
750 603
750 604
750 605
750 604
750 604
750 605
750 605
750 605
750 605
750 606
750 605
750 606
750 605
750 606
750 605
750 606
750 607
750 606
750 606
750 606
750 607
750 608
750 609
750 609
750 609
750 610
750 609
750 609
750 609
750 610
750 609
750 608
750 608
750 609
750 608
750 609
750 608
750 607
750 607
750 606
750 605
750 604
750 604
750 605
750 604
750 603
750 603
750 603
750 603
750 602
750 601
750 601
750 602
750 601
750 601
750 602
750 603
750 604
750 605
750 605
750 604
750 604
750 603
750 602
750 603
750 602
750 601
750 601
750 600
750 600
750 600
750 601
750 601
750 600
750 600
750 599
750 600
750 601
750 602
750 601
750 600
750 600
750 600
750 600
750 600
750 601
750 601
750 602
750 602
750 603
750 604
750 603
750 602
750 601
750 602
750 601
750 601
750 601
750 602
750 602
750 603
750 602
750 601
750 600
750 600
750 600
750 599
750 598
750 599
750 600
750 600
750 599
750 599
750 599
750 599
750 599
750 598
750 599
750 598
750 599
750 600
750 599
750 598
750 599
750 599
750 600
750 599
750 600
750 600
750 599
750 598
750 598
750 598
750 597
750 597
750 596
750 595
750 596
750 597
750 598
750 599
750 598
750 599
750 598
750 599
750 599
750 599
750 600
750 600
750 601
750 601
750 600
750 600
750 600
750 600
750 601
750 602
750 602
750 602
750 603
750 602
750 603
750 604
750 604
750 604
750 605
750 604
750 603
750 602
750 601
750 602
750 603
750 602
750 601
750 602
750 601
750 601
750 600
750 599
750 599
750 598
750 598
750 599
750 600
750 599
750 600
750 600
750 601
750 600
750 600
750 601
750 601
750 602
750 603
750 603
750 603
750 602
750 603
750 602
750 602
750 601
750 602
750 603
750 604
750 604
750 605
750 604
750 605
750 606
750 607
750 607
750 606
750 605
750 606
750 607
750 608
750 609
750 609
750 609
750 610
750 609
750 608
750 608
750 609
750 608
750 608
750 608
750 607
750 608
750 607
750 608
750 608
750 609
750 610
750 610
750 610
750 609
750 608
750 609
750 608
750 608
750 608
750 609
750 610
750 609
750 609
750 609
750 608
750 608
750 607
750 606
750 605
750 605
750 605
750 606
750 606
750 606
750 606
750 606
750 606
750 606
750 607
750 608
750 608
750 607
750 608
750 608
750 609
750 610
750 611
750 610
750 609
750 609
750 609
750 609
750 610
750 610
750 609
750 609
750 608
750 609
750 610
750 611
750 611
750 610
750 610
750 610
750 610
750 609
750 608
750 607
750 607
750 606
750 605
750 606
750 607
750 608
750 608
750 609
750 609
750 608
750 607
750 606
750 605
750 604
750 604
750 603
750 604
750 604
750 604
750 604
750 604
750 603
750 602
750 603
750 603
750 603
750 602
750 602
750 602
750 603
750 604
750 603
750 604
750 605
750 606
750 606
750 607
750 607
750 608
750 608
750 609
750 608
750 607
750 608
750 609
750 610
750 609
750 609
750 609
750 608
750 608
750 608
750 608
750 607
750 608
750 607
750 606
750 607
750 606
750 606
750 607
750 607
750 606
750 606
750 607
750 606
750 606
750 606
750 607
750 608
750 608
750 608
750 607
750 606
750 605
750 605
750 604
750 605
750 604
750 603
750 602
750 601
750 600
750 599
750 600
750 599
750 599
750 600
750 599
750 599
750 599
750 600
750 599
750 599
750 600
750 600
750 601
750 601
750 601
750 602
750 603
750 603
750 602
750 603
750 604
750 605
750 604
750 603
750 604
750 605
750 604
750 605
750 606
750 605
750 604
750 604
750 603
750 602
750 603
750 603
750 603
750 603
750 603
750 602
750 602
750 602
750 602
750 601
750 601
750 600
750 599
750 598
750 599
750 598
750 597
750 596
750 595
750 594
750 594
750 594
750 595
750 595
750 595
750 596
750 597
750 598
750 597
750 597
750 596
750 597
750 597
750 596
750 597
750 598
750 598
750 598
750 597
750 597
750 598
750 599
750 600
750 599
750 600
750 601
750 600
750 601
750 600
750 600
750 599
750 600
750 599
750 598
750 597
750 597
750 598
750 597
750 596
750 595
750 596
750 595
750 595
750 596
750 595
750 595
750 595
750 595
750 596
750 595
750 596
750 595
750 596
750 595
750 596
750 595
750 595
750 595
750 594
750 595
750 594
750 594
750 594
750 594
750 594
750 594
750 595
750 595
750 595
750 594
750 595
750 594
750 593
750 593
750 594
750 594
750 593
750 592
750 591
750 590
750 590
750 590
750 589
750 590
750 591
750 590
750 590
750 589
750 589
750 590
750 590
750 589
750 589
750 588
750 587
750 587
750 586
750 587
750 587
750 588
750 588
750 588
750 587
750 587
750 587
750 586
750 586
750 587
750 586
750 585
750 586
750 585
750 584
750 583
750 583
750 582
750 581
750 582
750 581
750 581
750 581
750 582
750 582
750 583
750 582
750 583
750 584
750 583
750 584
750 584
750 585
750 585
750 584
750 584
750 583
750 582
750 583
750 583
750 584
750 584
750 583
750 583
750 584
750 585
750 584
750 583
750 583
750 583
750 582
750 583
750 582
750 582
750 583
750 583
750 583
750 584
750 584
750 584
750 585
750 584
750 584
750 583
750 582
750 582
750 582
750 583
750 584
750 585
750 584
750 583
750 582
750 582
750 581
750 581
750 581
750 580
750 580
750 579
750 579
750 578
750 579
750 580
750 580
750 579
750 579
750 580
750 580
750 581
750 582
750 582
750 581
750 580
750 579
750 580
750 579
750 579
750 580
750 579
750 579
750 579
750 578
750 577
750 577
750 577
750 578
750 578
750 578
750 579
750 580
750 579
750 579
750 578
750 577
750 576
750 575
750 574
750 574
750 574
750 573
750 573
750 573
750 572
750 571
750 571
750 570
750 569
750 568
750 568
750 568
750 568
750 568
750 569
750 570
750 570
750 571
750 570
750 571
750 570
750 570
750 569
750 569
750 568
750 569
750 568
750 569
750 569
750 568
750 569
750 569
750 570
750 571
750 571
750 571
750 571
750 572
750 573
750 574
750 574
750 573
750 574
750 575
750 574
750 575
750 576
750 577
750 577
750 576
750 575
750 575
750 574
750 575
750 574
750 573
750 574
750 575
750 574
750 574
750 575
750 576
750 575
750 576
750 575
750 575
750 575
750 574
750 573
750 573
750 572
750 572
750 573
750 573
750 573
750 573
750 574
750 575
750 575
750 576
750 577
750 578
750 577
750 578
750 577
750 576
750 576
750 577
750 577
750 577
750 576
750 577
750 578
750 579
750 580
750 581
750 582
750 583
750 583
750 584
750 584
750 584
750 584
750 584
750 584
750 583
750 583
750 584
750 584
750 584
750 584
750 583
750 584
750 585
750 585
750 586
750 587
750 588
750 587
750 586
750 586
750 585
750 585
750 586
750 587
750 587
750 588
750 587
750 588
750 589
750 589
750 588
750 587
750 586
750 585
750 584
750 584
750 584
750 583
750 583
750 584
750 584
750 585
750 585
750 585
750 584
750 583
750 582
750 581
750 582
750 583
750 582
750 583
750 582
750 581
750 582
750 582
750 582
750 582
750 583
750 583
750 583
750 582
750 582
750 582
750 583
750 582
750 582
750 583
750 584
750 584
750 583
750 584
750 583
750 583
750 582
750 581
750 580
750 581
750 580
750 580
750 580
750 579
750 578
750 577
750 578
750 578
750 577
750 576
750 576
750 575
750 574
750 574
750 575
750 574
750 575
750 575
750 576
750 575
750 574
750 573
750 572
750 571
750 571
750 570
750 571
750 570
750 569
750 569
750 568
750 569
750 570
750 569
750 570
750 570
750 570
750 569
750 570
750 569
750 569
750 568
750 568
750 568
750 569
750 570
750 570
750 569
750 568
750 567
750 568
750 568
750 567
750 568
750 567
750 566
750 566
750 565
750 564
750 565
750 565
750 566
750 566
750 566
750 565
750 565
750 566
750 565
750 564
750 565
750 564
750 563
750 564
750 563
750 563
750 564
750 563
750 563
750 564
750 563
750 563
750 564
750 565
750 565
750 564
750 564
750 565
750 564
750 563
750 563
750 564
750 565
750 565
750 566
750 565
750 565
750 565
750 566
750 566
750 566
750 567
750 568
750 567
750 568
750 567
750 568
750 569
750 570
750 571
750 572
750 573
750 573
750 574
750 574
750 573
750 572
750 573
750 573
750 572
750 572
750 573
750 572
750 571
750 570
750 571
750 572
750 572
750 573
750 574
750 573
750 574
750 574
750 575
750 575
750 574
750 575
750 575
750 574
750 573
750 572
750 573
750 574
750 575
750 576
750 576
750 577
750 576
750 577
750 578
750 579
750 579
750 580
750 581
750 582
750 581
750 582
750 581
750 580
750 580
750 579
750 580
750 581
750 582
750 582
750 581
750 581
750 581
750 581
750 580
750 580
750 580
750 580
750 580
750 579
750 578
750 577
750 576
750 577
750 578
750 579
750 580
750 581
750 582
750 583
750 583
750 584
750 585
750 586
750 586
750 586
750 587
750 588
750 588
750 589
750 588
750 588
750 589
750 590
750 591
750 590
750 591
750 590
750 589
750 590
750 591
750 591
750 590
750 589
750 590
750 590
750 591
750 592
750 592
750 593
750 594
750 593
750 593
750 594
750 593
750 592
750 592
750 592
750 592
750 592
750 593
750 592
750 591
750 591
750 590
750 590
750 590
750 591
750 591
750 591
750 590
750 590
750 590
750 590
750 591
750 590
750 591
750 592
750 593
750 592
750 593
750 593
750 592
750 593
750 593
750 593
750 592
750 592
750 591
750 592
750 593
750 593
750 592
750 592
750 591
750 592
750 592
750 592
750 593
750 592
750 593
750 593
750 592
750 593
750 594
750 595
750 596
750 595
750 594
750 594
750 595
750 595
750 595
750 596
750 597
750 597
750 598
750 598
750 599
750 598
750 599
750 599
750 598
750 597
750 597
750 596
750 596
750 597
750 598
750 599
750 600
750 599
750 599
750 599
750 599
750 599
750 598
750 598
750 599
750 600
750 600
750 601
750 602
750 603
750 602
750 601
750 600
750 599
750 598
750 598
750 599
750 598
750 597
750 597
750 598
750 597
750 597
750 598
750 597
750 596
750 595
750 594
750 595
750 595
750 594
750 595
750 594
750 593
750 592
750 593
750 593
750 592
750 591
750 592
750 591
750 590
750 590
750 589
750 589
750 590
750 590
750 591
750 590
750 589
750 590
750 591
750 591
750 591
750 590
750 589
750 588
750 587
750 586
750 587
750 586
750 586
750 586
750 585
750 584
750 585
750 585
750 585
750 584
750 583
750 582
750 583
750 583
750 584
750 585
750 586
750 585
750 584
750 584
750 585
750 584
750 584
750 585
750 585
750 586
750 586
750 586
750 585
750 584
750 585
750 586
750 585
750 584
750 585
750 586
750 586
750 587
750 586
750 585
750 585
750 585
750 586
750 587
750 586
750 585
750 586
750 585
750 584
750 585
750 584
750 584
750 583
750 584
750 584
750 584
750 583
750 582
750 583
750 582
750 581
750 581
750 582
750 581
750 581
750 582
750 583
750 583
750 583
750 584
750 585
750 586
750 587
750 588
750 588
750 588
750 587
750 587
750 586
750 586
750 586
750 586
750 585
750 584
750 585
750 586
750 585
750 586
750 586
750 585
750 584
750 583
750 583
750 583
750 582
750 581
750 581
750 582
750 583
750 582
750 582
750 582
750 583
750 582
750 583
750 583
750 583
750 582
750 581
750 582
750 583
750 582
750 583
750 583
750 583
750 583
750 582
750 583
750 582
750 581
750 582
750 583
750 583
750 584
750 583
750 583
750 584
750 583
750 582
750 583
750 582
750 582
750 582
750 581
750 582
750 583
750 584
750 584
750 585
750 586
750 587
750 586
750 586
750 585
750 585
750 585
750 584
750 585
750 584
750 583
750 583
750 584
750 583
750 583
750 584
750 583
750 583
750 582
750 582
750 583
750 584
750 585
750 586
750 587
750 586
750 585
750 586
750 587
750 586
750 586
750 585
750 584
750 585
750 586
750 586
750 587
750 588
750 589
750 590
750 591
750 592
750 591
750 590
750 590
750 589
750 589
750 590
750 591
750 590
750 590
750 589
750 588
750 588
750 588
750 589
750 588
750 587
750 586
750 585
750 586
750 586
750 587
750 588
750 589
750 588
750 589
750 590
750 590
750 589
750 588
750 589
750 588
750 589
750 590
750 590
750 590
750 591
750 590
750 589
750 588
750 588
750 589
750 590
750 589
750 589
750 589
750 589
750 588
750 589
750 588
750 589
750 589
750 588
750 587
750 586
750 585
750 584
750 583
750 582
750 582
750 582
750 581
750 582
750 582
750 582
750 581
750 581
750 582
750 582
750 583
750 583
750 583
750 582
750 582
750 582
750 583
750 583
750 584
750 583
750 583
750 583
750 583
750 583
750 583
750 582
750 583
750 582
750 581
750 580
750 581
750 580
750 579
750 578
750 578
750 579
750 579
750 578
750 577
750 578
750 578
750 577
750 577
750 577
750 578
750 577
750 577
750 578
750 579
750 579
750 578
750 577
750 577
750 576
750 577
750 576
750 577
750 577
750 576
750 577
750 577
750 578
750 578
750 578
750 577
750 577
750 577
750 577
750 576
750 576
750 577
750 576
750 577
750 577
750 578
750 579
750 580
750 581
750 581
750 582
750 583
750 582
750 581
750 582
750 581
750 580
750 581
750 581
750 580
750 579
750 578
750 577
750 578
750 579
750 580
750 581
750 580
750 580
750 579
750 580
750 581
750 580
750 581
750 581
750 582
750 582
750 581
750 581
750 580
750 580
750 581
750 581
750 581
750 580
750 580
750 580
750 580
750 579
750 578
750 579
750 578
750 579
750 580
750 581
750 580
750 579
750 580
750 580
750 580
750 581
750 581
750 580
750 580
750 579
750 578
750 578
750 578
750 578
750 578
750 579
750 579
750 580
750 581
750 581
750 582
750 583
750 583
750 582
750 582
750 582
750 582
750 581
750 581
750 580
750 579
750 580
750 581
750 582
750 583
750 583
750 583
750 583
750 583
750 584
750 583
750 583
750 584
750 584
750 583
750 583
750 582
750 581
750 581
750 580
750 580
750 581
750 581
750 581
750 580
750 581
750 582
750 581
750 580
750 579
750 580
750 581
750 581
750 582
750 582
750 581
750 582
750 583
750 582
750 583
750 583
750 584
750 585
750 585
750 584
750 585
750 585
750 584
750 583
750 582
750 581
750 581
750 581
750 581
750 582
750 582
750 583
750 582
750 581
750 582
750 581
750 582
750 583
750 583
750 582
750 581
750 581
750 582
750 583
750 583
750 583
750 583
750 584
750 585
750 585
750 585
750 585
750 585
750 586
750 587
750 586
750 586
750 586
750 587
750 588
750 588
750 589
750 589
750 588
750 587
750 588
750 587
750 588
750 589
750 589
750 590
750 591
750 590
750 590
750 589
750 588
750 587
750 586
750 587
750 586
750 585
750 584
750 584
750 585
750 584
750 584
750 584
750 583
750 584
750 584
750 585
750 585
750 586
750 587
750 587
750 586
750 586
750 587
750 586
750 585
750 584
750 585
750 586
750 586
750 587
750 587
750 588
750 589
750 589
750 590
750 591
750 590
750 590
750 591
750 590
750 591
750 592
750 593
750 592
750 593
750 594
750 593
750 594
750 594
750 594
750 594
750 595
750 594
750 595
750 594
750 595
750 595
750 596
750 597
750 597
750 597
750 597
750 597
750 598
750 598
750 597
750 597
750 598
750 599
750 600
750 600
750 599
750 598
750 599
750 599
750 599
750 598
750 599
750 599
750 599
750 598
750 598
750 597
750 598
750 598
750 597
750 597
750 597
750 598
750 597
750 597
750 597
750 597
750 596
750 595
750 595
750 596
750 597
750 598
750 599
750 600
750 601
750 602
750 603
750 602
750 602
750 601
750 600
750 600
750 600
750 601
750 601
750 601
750 602
750 601
750 600
750 601
750 600
750 599
750 599
750 598
750 599
750 599
750 599
750 599
750 598
750 597
750 598
750 598
750 597
750 598
750 597
750 597
750 598
750 598
750 598
750 597
750 597
750 596
750 597
750 598
750 598
750 597
750 596
750 597
750 597
750 596
750 595
750 594
750 593
750 594
750 595
750 596
750 595
750 596
750 597
750 597
750 596
750 595
750 594
750 595
750 594
750 593
750 592
750 591
750 591
750 591
750 592
750 592
750 591
750 591
750 592
750 592
750 592
750 591
750 590
750 589
750 590
750 591
750 591
750 592
750 593
750 593
750 592
750 591
750 591
750 592
750 593
750 593
750 593
750 593
750 593
750 593
750 592
750 591
750 590
750 589
750 589
750 590
750 591
750 591
750 590
750 591
750 591
750 590
750 589
750 589
750 590
750 591
750 592
750 593
750 593
750 594
750 593
750 592
750 592
750 592
750 591
750 592
750 593
750 594
750 593
750 593
750 592
750 592
750 592
750 593
750 593
750 594
750 595
750 596
750 597
750 597
750 596
750 595
750 594
750 593
750 592
750 591
750 592
750 592
750 593
750 594
750 595
750 596
750 597
750 597
750 598
750 598
750 597
750 598
750 599
750 600
750 600
750 599
750 598
750 597
750 596
750 597
750 596
750 595
750 595
750 596
750 597
750 598
750 597
750 598
750 597
750 596
750 596
750 595
750 594
750 594
750 593
750 592
750 592
750 591
750 592
750 591
750 591
750 591
750 590
750 591
750 591
750 591
750 590
750 590
750 589
750 588
750 587
750 587
750 587
750 587
750 587
750 588
750 589
750 590
750 591
750 592
750 591
750 591
750 590
750 589
750 589
750 590
750 589
750 588
750 587
750 586
750 585
750 585
750 586
750 585
750 585
750 584
750 585
750 585
750 585
750 586
750 586
750 587
750 587
750 588
750 589
750 588
750 587
750 586
750 587
750 588
750 589
750 590
750 590
