750 650
750 651
750 651
750 651
750 650
750 650
750 650
750 650
750 649
750 649
750 650
750 651
750 650
750 650
750 651
750 652
750 653
750 653
750 653
750 652
750 652
750 653
750 654
750 654
750 654
750 653
750 654
750 653
750 654
750 654
750 655
750 655
750 654
750 653
750 652
750 653
750 653
750 652
750 652
750 652
750 652
750 652
750 651
750 651
750 650
750 649
750 648
750 648
750 649
750 648
750 648
750 648
750 648
750 648
750 648
750 649
750 650
750 651
750 652
750 652
750 652
750 652
750 651
750 652
750 653
750 653
750 652
750 653
750 654
750 654
750 655
750 655
750 656
750 657
750 658
750 659
750 658
750 658
750 658
750 659
750 659
750 660
750 660
750 661
750 661
750 661
750 661
750 660
750 660
750 659
750 658
750 659
750 660
750 660
750 661
750 660
750 660
750 661
750 662
750 662
750 661
750 662
750 662
750 663
750 663
750 664
750 665
750 665
750 666
750 666
750 665
750 665
750 665
750 665
750 664
750 663
750 662
750 662
750 661
750 660
750 661
750 661
750 661
750 660
750 659
750 660
750 659
750 660
750 661
750 661
750 660
750 661
750 660
750 660
750 660
750 659
750 658
750 659
750 660
750 661
750 660
750 660
750 661
750 661
750 661
750 660
750 661
750 661
750 662
750 663
750 664
750 663
750 662
750 661
750 660
750 661
750 661
750 660
750 660
750 660
750 660
750 659
750 660
750 660
750 661
750 660
750 661
750 660
750 660
750 661
750 661
750 660
750 659
750 659
750 658
750 659
750 658
750 659
750 660
750 661
750 660
750 659
750 658
750 658
750 658
750 659
750 659
750 659
750 659
750 658
750 658
750 657
750 658
750 657
750 658
750 657
750 658
750 657
750 657
750 658
750 658
750 657
750 658
750 659
750 659
750 659
750 658
750 659
750 659
750 660
750 659
750 660
750 659
750 658
750 658
750 659
750 660
750 661
750 661
750 662
750 661
750 662
750 662
750 663
750 664
750 664
750 663
750 663
750 662
750 661
750 660
750 660
750 660
750 659
750 660
750 660
750 660
750 660
750 659
750 658
750 657
750 656
750 657
750 658
750 659
750 659
750 659
750 660
750 661
750 662
750 662
750 661
750 662
750 661
750 660
750 660
750 659
750 658
750 658
750 657
750 658
750 658
750 659
750 658
750 659
750 659
750 658
750 658
750 658
750 658
750 657
750 657
750 656
750 657
750 657
750 658
750 659
750 658
750 657
750 658
750 657
750 657
750 656
750 656
750 655
750 655
750 655
750 656
750 657
750 656
750 656
750 657
750 656
750 656
750 656
750 655
750 654
750 654
750 653
750 653
750 652
750 652
750 652
750 652
750 653
750 653
750 653
750 652
750 653
750 653
750 654
750 653
750 652
750 652
750 653
750 652
750 651
750 652
750 651
750 651
750 651
750 650
750 651
750 650
750 650
750 651
750 650
750 651
750 650
750 651
750 652
750 651
750 651
750 652
750 653
750 654
750 655
750 654
750 655
750 656
750 656
750 656
750 657
750 657
750 658
750 659
750 658
750 657
750 658
750 659
750 658
750 658
750 657
750 656
750 656
750 657
750 656
750 656
750 657
750 658
750 658
750 657
750 658
750 657
750 657
750 657
750 656
750 655
750 655
750 656
750 655
750 654
750 655
750 655
750 655
750 655
750 655
750 656
750 657
750 656
750 657
750 658
750 658
750 659
750 659
750 659
750 659
750 658
750 657
750 657
750 656
750 656
750 657
750 657
750 656
750 655
750 654
750 653
750 654
750 653
750 654
750 654
750 655
750 656
750 655
750 656
750 656
750 657
750 656
750 655
750 654
750 653
750 652
750 652
750 653
750 654
750 655
750 654
750 654
750 653
750 653
750 654
750 655
750 654
750 653
750 654
750 654
750 653
750 652
750 652
750 652
750 652
750 651
750 650
750 650
750 649
750 649
750 648
750 649
750 648
750 649
750 650
750 649
750 650
750 649
750 650
750 649
750 648
750 649
750 649
750 650
750 650
750 650
750 651
750 652
750 653
750 653
750 653
750 654
750 654
750 655
750 654
750 655
750 654
750 653
750 653
750 653
750 652
750 653
750 652
750 653
750 654
750 655
750 654
750 654
750 654
750 655
750 655
750 654
750 653
750 652
750 651
750 650
750 649
750 650
750 650
750 650
750 649
750 648
750 648
750 647
750 646
750 647
750 648
750 647
750 648
750 649
750 649
750 648
750 647
750 646
750 645
750 646
750 645
750 645
750 645
750 644
750 645
750 646
750 646
750 645
750 646
750 646
750 645
750 644
750 645
750 645
750 646
750 646
750 647
750 646
750 647
750 646
750 645
750 646
750 646
750 645
750 645
750 644
750 643
750 642
750 643
750 642
750 642
750 641
750 642
750 643
750 643
750 643
750 643
750 642
750 642
750 643
750 643
750 644
750 644
750 645
750 645
750 644
750 644
750 643
750 643
750 642
750 643
750 642
750 643
750 643
750 642
750 642
750 641
750 642
750 642
750 643
750 643
750 642
750 643
750 642
750 641
750 642
750 643
750 643
750 644
750 645
750 646
750 645
750 644
750 645
750 646
750 647
750 646
750 646
750 647
750 646
750 646
750 646
750 647
750 648
750 648
750 648
750 648
750 648
750 647
750 646
750 647
750 648
750 648
750 647
750 646
750 646
750 645
750 646
750 646
750 647
750 647
750 647
750 647
750 647
750 646
750 647
750 646
750 645
750 644
750 643
750 642
750 641
750 640
750 640
750 639
750 638
750 638
750 639
750 639
750 638
750 638
750 639
750 638
750 639
750 639
750 639
750 640
750 639
750 638
750 638
750 637
750 637
750 638
750 637
750 638
750 637
750 638
750 637
750 637
750 638
750 637
750 637
750 637
750 637
750 636
750 637
750 637
750 637
750 636
750 635
750 636
750 635
750 634
750 635
750 635
750 634
750 634
750 633
750 632
750 633
750 634
750 635
750 636
750 637
750 637
750 637
750 637
750 637
750 637
750 637
750 638
750 639
750 640
750 641
750 641
750 642
750 642
750 641
750 640
750 640
750 641
750 642
750 643
750 643
750 642
750 642
750 641
750 642
750 643
750 642
750 643
750 642
750 642
750 642
750 642
750 642
750 642
750 643
750 642
750 642
750 643
750 643
750 643
750 642
750 642
750 642
750 643
750 642
750 641
750 641
750 642
750 643
750 642
750 641
750 642
750 643
750 644
750 644
750 645
750 645
750 644
750 645
750 646
750 646
750 647
750 647
750 646
750 646
750 646
750 645
750 645
750 644
750 644
750 643
750 643
750 643
750 642
750 641
750 640
750 641
750 641
750 642
750 642
750 643
750 642
750 641
750 640
750 639
750 640
750 639
750 640
750 641
750 642
750 643
750 643
750 642
750 643
750 644
750 643
750 643
750 643
750 644
750 644
750 643
750 642
750 642
750 643
750 642
750 642
750 642
750 641
750 640
750 641
750 641
750 640
750 639
750 640
750 640
750 641
750 640
750 640
750 639
750 640
750 640
750 640
750 641
750 641
750 642
750 642
750 642
750 642
750 643
750 643
750 643
750 644
750 645
750 645
750 645
750 644
750 644
750 644
750 644
750 644
750 644
750 644
750 644
750 645
750 646
750 646
750 645
750 646
750 645
750 645
750 645
750 646
750 646
750 645
750 645
750 646
750 647
750 648
750 648
750 649
750 650
750 650
750 649
750 649
750 648
750 647
750 646
750 646
750 645
750 644
750 643
750 643
750 644
750 643
750 644
750 643
750 643
750 644
750 643
750 643
750 644
750 644
750 644
750 644
750 645
750 646
750 646
750 646
750 646
750 647
750 647
750 647
750 648
750 648
750 647
750 646
750 647
750 646
750 645
750 644
750 644
750 643
750 643
750 642
750 642
750 643
750 643
750 643
750 644
750 645
750 645
750 645
750 646
750 646
750 646
750 645
750 645
750 644
750 645
750 646
750 647
750 646
750 647
750 646
750 646
750 647
750 647
750 646
750 645
750 645
750 646
750 646
750 647
750 646
750 646
750 645
750 646
750 646
750 646
750 647
750 647
750 647
750 646
750 647
750 647
750 647
750 646
750 645
750 644
750 643
750 643
750 644
750 643
750 643
750 643
750 643
750 642
750 642
750 642
750 642
750 642
750 642
750 642
750 642
750 642
750 642
750 642
750 642
750 642
750 641
750 640
750 640
750 641
750 641
750 640
750 640
750 640
750 639
750 640
750 641
750 642
750 641
750 640
750 641
750 641
750 642
750 641
750 641
750 641
750 641
750 640
750 641
750 640
750 641
750 642
750 642
750 642
750 643
750 644
750 643
750 642
750 641
750 640
750 640
750 639
750 638
750 638
750 637
750 636
750 636
750 637
750 636
750 636
750 636
750 635
750 636
750 635
750 634
750 633
750 633
750 632
750 631
750 632
750 631
750 631
750 631
750 631
750 631
750 632
750 631
750 632
750 631
750 632
750 633
750 634
750 635
750 635
750 636
750 637
750 638
750 639
750 640
750 641
750 641
750 640
750 639
750 640
750 641
750 640
750 641
750 641
750 642
750 641
750 640
750 641
750 641
750 641
750 640
750 639
750 638
750 637
750 637
750 636
750 637
750 636
750 637
750 636
750 637
750 638
750 638
750 637
750 638
750 638
750 637
750 638
750 637
750 637
750 637
750 638
750 638
750 638
750 639
750 639
750 639
750 640
750 641
750 642
750 643
750 642
750 643
750 643
750 643
750 644
750 643
750 643
750 643
750 642
750 642
750 641
750 641
750 640
750 640
750 640
750 639
750 639
750 639
750 638
750 638
750 638
750 637
750 636
750 635
750 634
750 633
750 634
750 634
750 633
750 634
750 634
750 633
750 633
750 632
750 632
750 632
750 632
750 633
750 634
750 634
750 633
750 632
750 631
750 632
750 631
750 632
750 631
750 630
750 629
750 628
750 628
750 629
750 630
750 630
750 630
750 630
750 630
750 629
750 628
750 629
750 629
750 629
750 629
750 630
750 629
750 628
750 628
750 629
750 629
750 629
750 629
750 629
750 630
750 631
750 631
750 631
750 630
750 629
750 629
750 630
750 630
750 630
750 630
750 630
750 630
750 630
750 629
750 628
750 627
750 627
750 627
750 627
750 626
750 626
750 627
750 627
750 627
750 627
750 628
750 628
750 627
750 628
750 629
750 628
750 627
750 626
750 626
750 627
750 628
750 628
750 628
750 628
750 628
750 628
750 628
750 629
750 628
750 627
750 627
750 627
750 628
750 628
750 629
750 629
750 628
750 627
750 627
750 627
750 626
750 627
750 626
750 627
750 626
750 627
750 628
750 629
750 629
750 628
750 628
750 629
750 630
750 631
750 630
750 631
750 632
750 633
750 633
750 632
750 633
750 633
750 632
750 633
750 632
750 633
750 632
750 632
750 632
750 632
750 631
750 631
750 631
750 630
750 629
750 629
750 630
750 629
750 630
750 631
750 630
750 631
750 630
750 629
750 630
750 629
750 630
750 630
750 629
750 630
750 629
750 630
750 630
750 630
750 631
750 632
750 631
750 630
750 630
750 629
750 628
750 628
750 627
750 627
750 627
750 627
750 628
750 627
750 627
750 627
750 626
750 626
750 626
750 627
750 627
750 628
750 629
750 628
750 629
750 628
750 627
750 628
750 629
750 628
750 627
750 627
750 626
750 626
750 627
750 626
750 626
750 625
750 626
750 626
750 627
750 626
750 627
750 626
750 626
750 625
750 625
750 626
750 625
750 625
750 625
750 624
750 625
750 624
750 625
750 626
750 625
750 624
750 623
750 622
750 622
750 622
750 622
750 621
750 620
750 619
750 618
750 619
750 619
750 619
750 620
750 619
750 620
750 620
750 621
750 622
750 622
750 622
750 621
750 621
750 620
750 619
750 620
750 621
750 621
750 621
750 620
750 619
750 618
750 619
750 619
750 620
750 621
750 621
750 620
750 620
750 621
750 621
750 622
750 622
750 621
750 622
750 623
750 622
750 623
750 624
750 623
750 624
750 625
750 625
750 624
750 625
750 624
750 624
750 623
750 622
750 621
750 621
750 622
750 621
750 621
750 620
750 621
750 620
750 621
750 622
750 622
750 622
750 623
750 623
750 622
750 621
750 621
750 622
750 622
750 623
750 623
750 624
750 624
750 624
750 623
750 623
750 624
750 624
750 623
750 624
750 624
750 623
750 623
750 624
750 625
750 625
750 624
750 624
750 623
750 623
750 623
750 623
750 623
750 623
750 623
750 624
750 625
750 625
750 626
750 625
750 624
750 624
750 623
750 623
750 622
750 621
750 621
750 621
750 622
750 623
750 622
750 622
750 622
750 621
750 622
750 622
750 622
750 622
750 623
750 622
750 622
750 623
750 624
750 625
750 626
750 627
750 626
750 627
750 628
750 628
750 629
750 630
750 629
750 629
750 629
750 630
750 630
750 631
750 632
750 633
750 632
750 631
750 630
750 629
750 629
750 630
750 629
750 629
750 628
750 628
750 627
750 628
750 628
750 628
750 628
750 627
750 626
750 625
750 625
750 625
750 624
750 623
750 624
750 623
750 623
750 623
750 622
750 621
750 620
750 621
750 620
750 621
750 621
750 620
750 620
750 621
750 621
750 621
750 621
750 620
750 620
750 619
750 619
750 620
750 619
750 620
750 620
750 619
750 619
750 620
750 621
750 620
750 621
750 620
750 621
750 622
750 621
750 621
750 622
750 623
750 622
750 622
750 621
750 621
750 620
750 621
750 620
750 620
750 621
750 622
750 622
750 622
750 623
750 622
750 621
750 622
750 621
750 622
750 623
750 624
750 625
750 625
750 624
750 623
750 622
750 623
750 624
750 623
750 624
750 625
750 624
750 624
750 625
750 625
750 624
750 625
750 626
750 627
750 628
750 629
750 630
750 631
750 630
750 629
750 628
750 627
750 627
750 627
750 628
750 628
750 628
750 628
750 628
750 628
750 629
750 630
750 631
750 630
750 629
750 629
750 629
750 628
750 627
750 627
750 628
750 628
750 629
750 630
750 631
750 631
750 630
750 630
750 629
750 628
750 628
750 629
750 628
750 628
750 629
750 629
750 630
750 630
750 631
750 630
750 630
750 629
750 630
750 629
750 628
750 629
750 630
750 630
750 631
750 630
750 629
750 630
750 630
750 631
750 632
750 633
750 634
750 634
750 634
750 633
750 634
750 633
750 633
750 633
750 633
750 634
750 634
750 633
750 633
750 634
750 634
750 635
750 636
750 636
750 637
750 637
750 638
750 638
750 639
750 639
750 640
750 641
750 641
750 642
750 642
750 643
750 644
750 644
750 644
750 644
750 643
750 643
750 642
750 643
750 644
750 643
750 643
750 644
750 645
750 646
750 645
750 646
750 646
750 645
750 645
750 644
750 645
750 644
750 643
750 643
750 643
750 642
750 641
750 642
750 642
750 642
750 642
750 642
750 642
750 642
750 641
750 642
750 641
750 642
750 643
750 643
750 643
750 643
750 644
750 643
750 642
750 642
750 643
750 643
750 642
750 642
750 642
750 641
750 641
750 640
750 639
750 639
750 639
750 639
750 638
750 638
750 638
750 637
750 636
750 637
750 638
750 639
750 638
750 638
750 639
750 640
750 639
750 638
750 638
750 638
750 637
750 636
750 636
750 637
750 638
750 638
750 637
750 637
750 637
750 638
750 637
750 637
750 638
750 639
750 638
750 637
750 638
750 638
750 638
750 637
750 636
750 637
750 636
750 635
750 635
750 636
750 636
750 637
750 636
750 635
750 634
750 633
750 632
750 632
750 632
750 631
750 630
750 631
750 632
750 633
750 633
750 633
750 632
750 632
750 631
750 631
750 631
750 632
750 631
750 630
750 630
750 629
750 630
750 631
750 630
750 630
750 630
750 630
750 630
750 630
750 631
750 632
750 633
750 633
750 632
750 633
750 632
750 631
750 632
750 631
750 630
750 629
750 630
750 631
750 630
750 631
750 632
750 633
750 632
750 631
750 630
750 631
750 631
750 630
750 629
750 628
750 627
750 627
750 626
750 626
750 625
750 625
750 626
750 626
750 625
750 624
750 623
750 624
750 623
750 624
750 625
750 626
750 626
750 625
750 626
750 625
750 625
750 626
750 625
750 626
750 627
750 627
750 628
750 628
750 627
750 628
750 629
750 628
750 628
750 628
750 627
750 628
750 629
750 630
750 631
750 630
750 629
750 628
750 629
750 630
750 629
750 630
750 630
750 630
750 630
750 629
750 628
750 627
750 626
750 625
750 626
750 626
750 626
750 625
750 626
750 626
750 626
750 625
750 624
750 624
750 624
750 623
750 623
750 624
750 625
750 624
750 624
750 623
750 624
750 624
750 625
750 624
750 624
750 624
750 623
750 623
750 623
750 624
750 625
750 624
750 625
750 625
750 626
750 625
750 625
750 625
750 625
750 624
750 624
750 624
750 624
750 624
750 623
750 623
750 622
750 621
750 620
750 621
750 620
750 621
750 621
750 620
750 619
750 618
750 619
750 619
750 618
750 618
750 617
750 616
750 616
750 615
750 615
750 616
750 616
750 617
750 617
750 617
750 616
750 615
750 614
750 615
750 614
750 614
750 614
750 615
750 616
750 616
750 617
750 618
750 618
750 617
750 616
750 616
750 616
750 616
750 615
750 615
750 615
750 615
750 616
750 616
750 615
750 616
750 615
750 616
750 615
750 616
750 615
750 615
750 615
750 614
750 615
750 615
750 614
750 615
750 616
750 617
750 616
750 617
750 618
750 617
750 617
750 617
750 616
750 617
750 616
750 617
750 618
750 619
750 620
750 621
750 621
750 622
750 621
750 621
750 622
750 623
750 623
750 624
750 624
750 624
750 624
750 623
750 623
750 624
750 625
750 624
750 624
750 625
750 624
750 623
750 624
750 623
750 623
750 622
750 621
750 622
750 623
750 624
750 623
750 623
750 623
750 624
750 623
750 622
750 622
750 621
750 622
750 623
750 623
750 624
750 624
750 623
750 624
750 624
750 625
750 625
750 625
750 626
750 626
750 625
750 625
750 624
750 623
750 622
750 622
750 623
750 624
750 625
750 624
750 625
750 625
750 625
750 624
750 625
750 624
750 625
750 625
750 625
750 626
750 626
750 626
750 627
750 627
750 627
750 627
750 626
750 627
750 626
750 627
750 628
750 628
750 628
750 627
750 626
750 625
750 626
750 625
750 625
750 624
750 624
750 623
750 622
750 621
750 621
750 620
750 620
750 619
750 619
750 618
750 617
750 617
750 616
750 615
750 616
750 617
750 616
750 617
750 618
750 617
750 618
750 619
750 618
750 618
750 619
750 618
750 618
750 619
750 619
750 620
750 620
750 620
750 621
750 622
750 621
750 622
750 621
750 621
750 620
750 621
750 620
750 621
750 622
750 621
750 620
750 621
750 620
750 620
750 621
750 621
750 620
750 619
750 619
750 620
750 619
750 620
750 619
750 620
750 621
750 620
750 620
750 621
750 620
750 620
750 619
750 618
750 618
750 617
750 617
750 618
750 618
750 618
750 618
750 618
750 617
750 616
750 616
750 616
750 617
750 616
750 615
750 614
750 615
750 616
750 615
750 616
750 615
750 616
750 617
750 618
750 618
750 617
750 616
750 616
750 615
750 614
750 615
750 616
750 616
750 617
750 616
750 615
750 614
750 614
750 614
750 613
750 612
750 612
750 611
750 611
750 610
750 610
750 609
750 609
750 610
750 609
750 609
750 610
750 611
750 611
750 610
750 611
750 612
750 612
750 613
750 613
750 612
750 612
750 613
750 614
750 613
750 613
750 612
750 613
750 613
750 612
750 612
750 613
750 612
750 611
750 611
750 611
750 611
750 611
750 612
750 613
750 613
750 612
750 613
750 613
750 613
750 613
750 614
750 615
750 616
750 616
750 615
750 615
750 615
750 616
750 615
750 614
750 615
750 616
750 615
750 616
750 617
750 617
750 616
750 616
750 615
750 615
750 616
750 616
750 615
750 616
750 616
750 617
750 618
750 619
750 619
750 620
750 620
750 620
750 621
750 621
750 620
750 620
750 620
750 621
750 620
750 619
750 620
750 619
750 619
750 619
750 618
750 618
750 618
750 619
750 620
750 619
750 620
750 619
750 620
750 619
750 618
750 619
750 618
750 619
750 620
750 620
750 620
750 620
750 619
750 619
750 620
750 620
750 621
750 621
750 621
750 622
750 621
750 622
750 623
750 622
750 622
750 621
750 622
750 621
750 622
750 621
750 622
750 622
750 621
750 620
750 620
750 621
750 622
750 623
750 623
750 624
750 624
750 623
750 622
750 623
750 624
750 623
750 624
750 624
750 624
750 625
750 624
750 625
750 625
750 624
750 625
750 625
750 625
750 625
750 626
750 626
750 625
750 626
750 627
750 627
750 628
750 629
750 629
750 628
750 627
750 627
750 627
750 628
750 627
750 628
750 628
750 628
750 627
750 628
750 629
750 628
750 627
750 628
750 628
750 629
750 630
750 630
750 629
750 629
750 628
750 628
750 628
750 629
750 628
750 629
750 628
750 627
750 628
750 628
750 627
750 626
750 627
750 628
750 628
750 629
750 628
750 627
750 628
750 629
750 629
750 629
750 630
750 629
750 628
750 628
750 627
750 627
750 626
750 626
750 626
750 626
750 626
750 626
750 627
750 626
750 627
750 627
750 627
750 628
750 629
750 628
750 628
750 627
750 626
750 627
750 626
750 625
750 624
750 623
750 623
750 623
750 623
