1200,750,669
1201,749,670
1202,749,670
1203,749,670
1204,749,671
1205,749,672
1206,749,673
1207,749,674
1208,748,673
1209,748,673
1210,748,674
1211,748,673
1212,748,673
1213,748,673
1214,748,672
1215,748,673
1216,747,673
1217,747,674
1218,747,674
1219,747,673
1220,747,673
1221,747,673
1222,747,672
1223,746,673
1224,746,672
1225,746,673
1226,746,672
1227,746,673
1228,746,674
1229,746,674
1230,746,675
1231,745,674
1232,745,675
1233,745,675
1234,745,675
1235,745,675
1236,745,676
1237,745,676
1238,745,675
1239,744,676
1240,744,677
1241,744,678
1242,744,677
1243,744,676
1244,744,676
1245,744,676
1246,743,677
1247,743,676
1248,743,677
1249,743,678
1250,743,679
1251,743,679
1252,743,680
1253,743,680
1254,742,680
1255,742,681
1256,742,681
1257,742,681
1258,742,681
1259,742,681
1300,737,681
1301,736,680
1302,736,681
1303,736,682
1304,736,681
1305,736,681
1306,736,682
1307,736,682
1308,736,682
1309,735,681
1310,735,680
1311,735,681
1312,735,680
1313,735,681
1314,735,681
1315,735,682
1316,735,681
1317,734,681
1318,734,682
1319,734,681
1320,734,680
1321,734,680
1322,734,679
1323,734,680
1324,734,679
1325,733,678
1326,733,679
1327,733,678
1328,733,678
1329,733,677
1330,733,676
1331,733,675
1332,733,674
1333,732,674
1334,732,674
1335,732,673
1336,732,674
1337,732,675
1338,732,674
1339,732,675
1340,732,675
1341,731,675
1342,731,674
1343,731,674
1344,731,675
1345,731,674
1346,731,675
1347,731,674
1348,731,675
1349,730,675
1350,730,675
1351,730,675
1352,730,676
1353,730,677
1354,730,678
1355,730,677
1356,730,676
1357,730,677
1358,729,677
1359,729,676
1400,725,677
1401,724,677
1402,724,677
1403,724,677
1404,724,678
1405,724,679
1406,724,679
1407,724,679
1408,724,680
1409,723,681
1410,723,680
1411,723,679
1412,723,680
1413,723,679
1414,723,678
1415,723,677
1416,723,676
1417,723,676
1418,722,676
1419,722,676
1420,722,676
1421,722,675
1422,722,675
1423,722,676
1424,722,676
1425,722,675
1426,722,676
1427,722,676
1428,721,675
1429,721,676
1430,721,676
1431,721,676
1432,721,675
1433,721,675
1434,721,674
1435,721,675
1436,721,674
1437,720,674
1438,720,673
1439,720,672
1440,720,671
1441,720,671
1442,720,672
1443,720,671
1444,720,672
1445,720,672
1446,719,671
1447,719,671
1448,719,671
1449,719,672
1450,719,671
1451,719,671
1452,719,672
1453,719,672
1454,719,671
1455,719,671
1456,718,672
1457,718,673
1458,718,672
1459,718,672
1500,714,672
1501,714,671
1502,714,671
1503,714,670
1504,714,670
1505,714,669
1506,714,668
1507,714,669
1508,713,670
1509,713,669
1510,713,668
1511,713,668
1512,713,668
1513,713,669
1514,713,670
1515,713,670
1516,713,669
1517,713,668
1518,713,669
1519,712,669
1520,712,670
1521,712,671
1522,712,672
1523,712,673
1524,712,672
1525,712,672
1526,712,673
1527,712,673
1528,712,674
1529,712,674
1530,711,675
1531,711,676
1532,711,676
1533,711,676
1534,711,677
1535,711,678
1536,711,679
1537,711,679
1538,711,678
1539,711,679
1540,711,679
1541,711,679
1542,710,679
1543,710,679
1544,710,680
1545,710,681
1546,710,681
1547,710,682
1548,710,683
1549,710,684
1550,710,685
1551,710,685
1552,710,684
1553,710,683
1554,710,682
1555,709,682
1556,709,682
1557,709,683
1558,709,682
1559,709,681
1600,706,680
1601,706,679
1602,706,679
1603,706,678
1604,706,677
1605,706,677
1606,706,678
1607,706,678
1608,706,678
1609,706,678
1610,706,677
1611,705,678
1612,705,679
1613,705,680
1614,705,681
1615,705,681
1616,705,682
1617,705,683
1618,705,684
1619,705,685
1620,705,686
1621,705,685
1622,705,684
1623,705,684
1624,705,684
1625,705,684
1626,705,684
1627,705,685
1628,704,686
1629,704,687
1630,704,688
1631,704,688
1632,704,688
1633,704,689
1634,704,689
1635,704,689
1636,704,688
1637,704,687
1638,704,686
1639,704,686
1640,704,686
1641,704,686
1642,704,685
1643,704,685
1644,704,685
1645,704,685
1646,704,684
1647,703,685
1648,703,685
1649,703,685
1650,703,686
1651,703,686
1652,703,687
1653,703,686
1654,703,685
1655,703,685
1656,703,684
1657,703,684
1658,703,683
1659,703,683
1700,701,684
1701,701,685
1702,701,686
1703,701,686
1704,701,686
1705,701,686
1706,701,685
1707,701,685
1708,701,684
1709,701,683
1710,701,684
1711,701,683
1712,701,682
1713,701,682
1714,701,682
1715,701,681
1716,701,680
1717,701,681
1718,701,681
1719,701,682
1720,701,683
1721,701,683
1722,701,684
1723,701,685
1724,700,686
1725,700,686
1726,700,687
1727,700,687
1728,700,687
1729,700,688
1730,700,688
1731,700,687
1732,700,687
1733,700,688
1734,700,688
1735,700,688
1736,700,689
1737,700,690
1738,700,690
1739,700,691
1740,700,692
1741,700,691
1742,700,690
1743,700,690
1744,700,690
1745,700,691
1746,700,690
1747,700,689
1748,700,688
1749,700,689
1750,700,689
1751,700,689
1752,700,688
1753,700,689
1754,700,690
1755,700,691
1756,700,690
1757,700,691
1758,700,690
1759,700,689
1800,700,690
1801,700,691
1802,700,691
1803,700,690
1804,700,691
1805,700,690
1806,700,691
1807,700,690
1808,700,690
1809,700,689
1810,700,689
1811,700,689
1812,700,690
1813,700,690
1814,700,690
1815,700,690
1816,700,691
1817,700,690
1818,700,691
1819,700,692
1820,700,693
1821,700,692
1822,700,693
1823,700,692
1824,700,693
1825,700,693
1826,700,693
1827,700,692
1828,700,692
1829,700,691
1830,700,692
1831,700,693
1832,700,694
1833,700,694
1834,700,694
1835,700,694
1836,700,695
1837,700,696
1838,700,695
1839,700,696
1840,700,695
1841,700,694
1842,700,693
1843,700,694
1844,700,695
1845,700,694
1846,700,694
1847,700,693
1848,700,692
1849,700,693
1850,700,694
1851,700,695
1852,700,696
1853,700,695
1854,700,695
1855,700,695
1856,700,694
1857,700,694
1858,700,694
1859,700,693
1900,701,693
1901,701,692
1902,701,692
1903,701,692
1904,701,693
1905,701,693
1906,701,694
1907,701,695
1908,701,696
1909,702,697
1910,702,696
1911,702,697
1912,702,696
1913,702,697
1914,702,698
1915,702,699
1916,702,698
1917,702,698
1918,702,699
1919,702,699
1920,702,699
1921,702,698
1922,702,698
1923,702,697
1924,702,696
1925,702,696
1926,702,695
1927,702,695
1928,702,695
1929,702,695
1930,702,695
1931,702,695
1932,702,695
1933,703,696
1934,703,695
1935,703,695
1936,703,695
1937,703,695
1938,703,695
1939,703,694
1940,703,695
1941,703,694
1942,703,695
1943,703,694
1944,703,693
1945,703,694
1946,703,695
1947,703,694
1948,703,695
1949,703,694
1950,703,695
1951,703,695
1952,703,695
1953,703,694
1954,704,695
1955,704,696
1956,704,695
1957,704,694
1958,704,694
1959,704,694
2000,706,693
2001,706,692
2002,706,692
2003,706,692
2004,706,693
2005,707,692
2006,707,692
2007,707,691
2008,707,691
2009,707,690
2010,707,689
2011,707,690
2012,707,690
2013,707,689
2014,707,688
2015,707,688
2016,707,688
2017,707,689
2018,707,690
2019,707,691
2020,708,691
2021,708,691
2022,708,691
2023,708,692
2024,708,692
2025,708,693
2026,708,694
2027,708,694
2028,708,694
2029,708,694
2030,708,695
2031,708,695
2032,708,696
2033,709,696
2034,709,697
2035,709,696
2036,709,697
2037,709,697
2038,709,698
2039,709,698
2040,709,699
2041,709,699
2042,709,699
2043,709,700
2044,709,699
2045,709,699
2046,710,698
2047,710,697
2048,710,697
2049,710,698
2050,710,699
2051,710,698
2052,710,697
2053,710,698
2054,710,698
2055,710,699
2056,710,698
2057,710,699
2058,710,700
2059,711,700
2100,714,700
2101,714,701
2102,714,702
2103,714,703
2104,715,702
2105,715,702
2106,715,702
2107,715,701
2108,715,700
2109,715,700
2110,715,700
2111,715,699
2112,715,699
2113,715,698
2114,715,698
2115,716,697
2116,716,697
2117,716,697
2118,716,696
2119,716,696
2120,716,696
2121,716,695
2122,716,694
2123,716,695
2124,716,695
2125,717,696
2126,717,695
2127,717,694
2128,717,693
2129,717,692
2130,717,692
2131,717,693
2132,717,693
2133,717,694
2134,717,693
2135,718,693
2136,718,694
2137,718,693
2138,718,692
2139,718,693
2140,718,694
2141,718,693
2142,718,692
2143,718,691
2144,718,692
2145,719,691
2146,719,691
2147,719,690
2148,719,691
2149,719,691
2150,719,690
2151,719,690
2152,719,690
2153,719,691
2154,719,691
2155,720,691
2156,720,692
2157,720,693
2158,720,693
2159,720,692
2200,725,693
2201,725,694
2202,725,695
2203,725,695
2204,725,696
2205,725,696
2206,725,695
2207,725,696
2208,725,695
2209,726,696
2210,726,695
2211,726,695
2212,726,696
2213,726,696
2214,726,696
2215,726,697
2216,726,698
2217,726,698
2218,727,699
2219,727,700
2220,727,700
2221,727,699
2222,727,700
2223,727,700
2224,727,700
2225,727,700
2226,728,701
2227,728,701
2228,728,702
2229,728,702
2230,728,701
2231,728,700
2232,728,701
2233,728,701
2234,728,702
2235,729,702
2236,729,703
2237,729,704
2238,729,704
2239,729,703
2240,729,704
2241,729,704
2242,729,703
2243,730,704
2244,730,704
2245,730,703
2246,730,704
2247,730,704
2248,730,703
2249,730,702
2250,730,702
2251,730,702
2252,731,703
2253,731,703
2254,731,702
2255,731,703
2256,731,703
2257,731,702
2258,731,702
2259,731,701
2300,737,701
2301,737,701
2302,737,700
2303,737,701
2304,737,701
2305,737,701
2306,737,700
2307,737,700
2308,738,699
2309,738,700
2310,738,701
2311,738,702
2312,738,701
2313,738,701
2314,738,700
2315,738,700
2316,739,701
2317,739,701
2318,739,701
2319,739,700
2320,739,699
2321,739,700
2322,739,699
2323,739,699
2324,740,698
2325,740,698
2326,740,699
2327,740,699
2328,740,699
2329,740,699
2330,740,699
2331,741,698
2332,741,699
2333,741,698
2334,741,698
2335,741,697
2336,741,698
2337,741,699
2338,741,698
2339,742,698
2340,742,699
2341,742,700
2342,742,701
2343,742,701
2344,742,701
2345,742,702
2346,742,702
2347,743,702
2348,743,702
2349,743,703
2350,743,702
2351,743,703
2352,743,702
2353,743,702
2354,743,703
2355,744,702
2356,744,702
2357,744,701
2358,744,700
2359,744,700
0,750,701
1,750,701
2,750,701
3,750,701
4,750,701
5,750,700
6,750,701
7,750,701
8,751,701
9,751,702
10,751,701
11,751,701
12,751,700
13,751,700
14,751,701
15,751,701
16,752,700
17,752,699
18,752,698
19,752,697
20,752,696
21,752,697
22,752,696
23,753,695
24,753,695
25,753,696
26,753,697
27,753,697
28,753,696
29,753,697
30,753,698
31,754,698
32,754,697
33,754,696
34,754,695
35,754,694
36,754,694
37,754,694
38,754,695
39,755,694
40,755,694
41,755,694
42,755,694
43,755,693
44,755,692
45,755,691
46,756,690
47,756,690
48,756,690
49,756,691
50,756,692
51,756,693
52,756,692
53,756,691
54,757,691
55,757,691
56,757,690
57,757,689
58,757,689
59,757,689
100,762,688
101,763,688
102,763,687
103,763,687
104,763,688
105,763,689
106,763,688
107,763,689
108,763,690
109,764,691
110,764,692
111,764,691
112,764,692
113,764,692
114,764,693
115,764,693
116,764,692
117,765,692
118,765,693
119,765,694
120,765,694
121,765,695
122,765,695
123,765,695
124,765,695
125,766,696
126,766,696
127,766,697
128,766,696
129,766,696
130,766,696
131,766,696
132,766,696
133,767,695
134,767,696
135,767,695
136,767,696
137,767,697
138,767,697
139,767,696
140,767,696
141,768,697
142,768,697
143,768,696
144,768,695
145,768,695
146,768,696
147,768,696
148,768,695
149,769,695
150,769,695
151,769,694
152,769,693
153,769,692
154,769,693
155,769,693
156,769,694
157,769,695
158,770,695
159,770,694
200,775,694
201,775,694
202,775,694
203,775,695
204,775,694
205,775,694
206,775,693
207,775,692
208,775,693
209,776,693
210,776,693
211,776,692
212,776,693
213,776,693
214,776,693
215,776,693
216,776,694
217,776,693
218,777,692
219,777,692
220,777,691
221,777,690
222,777,691
223,777,690
224,777,690
225,777,691
226,777,692
227,777,692
228,778,693
229,778,692
230,778,693
231,778,692
232,778,692
233,778,691
234,778,691
235,778,690
236,778,691
237,779,691
238,779,692
239,779,692
240,779,692
241,779,691
242,779,692
243,779,691
244,779,691
245,779,692
246,780,691
247,780,690
248,780,691
249,780,690
250,780,691
251,780,691
252,780,691
253,780,692
254,780,691
255,780,691
256,781,692
257,781,692
258,781,692
259,781,693
300,785,693
301,785,693
302,785,693
303,785,694
304,785,694
305,785,693
306,785,694
307,785,694
308,786,695
309,786,694
310,786,694
311,786,694
312,786,694
313,786,694
314,786,694
315,786,695
316,786,695
317,786,694
318,786,693
319,787,692
320,787,693
321,787,693
322,787,693
323,787,693
324,787,694
325,787,694
326,787,693
327,787,693
328,787,692
329,787,692
330,788,692
331,788,692
332,788,692
333,788,692
334,788,693
335,788,692
336,788,693
337,788,694
338,788,693
339,788,692
340,788,693
341,788,692
342,789,692
343,789,693
344,789,693
345,789,692
346,789,693
347,789,693
348,789,694
349,789,693
350,789,694
351,789,694
352,789,693
353,789,692
354,789,691
355,790,691
356,790,691
357,790,691
358,790,691
359,790,690
400,793,690
401,793,691
402,793,690
403,793,690
404,793,690
405,793,690
406,793,691
407,793,690
408,793,689
409,793,689
410,793,689
411,794,690
412,794,690
413,794,691
414,794,692
415,794,691
416,794,691
417,794,691
418,794,690
419,794,691
420,794,690
421,794,689
422,794,690
423,794,690
424,794,689
425,794,690
426,794,689
427,794,689
428,795,690
429,795,691
430,795,690
431,795,690
432,795,689
433,795,690
434,795,691
435,795,691
436,795,690
437,795,689
438,795,689
439,795,689
440,795,689
441,795,688
442,795,688
443,795,687
444,795,687
445,795,687
446,795,688
447,796,688
448,796,687
449,796,688
450,796,689
451,796,689
452,796,689
453,796,689
454,796,688
455,796,687
456,796,687
457,796,686
458,796,685
459,796,684
500,798,685
501,798,686
502,798,687
503,798,688
504,798,688
505,798,687
506,798,687
507,798,687
508,798,686
509,798,687
510,798,687
511,798,688
512,798,688
513,798,689
514,798,690
515,798,690
516,798,690
517,798,689
518,798,690
519,798,691
520,798,691
521,798,690
522,798,689
523,798,690
524,799,689
525,799,688
526,799,687
527,799,688
528,799,688
529,799,689
530,799,689
531,799,688
532,799,687
533,799,687
534,799,688
535,799,687
536,799,686
537,799,687
538,799,688
539,799,689
540,799,689
541,799,689
542,799,688
543,799,689
544,799,690
545,799,691
546,799,690
547,799,690
548,799,689
549,799,688
550,799,689
551,799,689
552,799,690
553,799,689
554,799,688
555,799,688
556,799,688
557,799,688
558,799,689
559,799,688
600,800,689
601,799,688
602,799,687
603,799,686
604,799,687
605,799,688
606,799,687
607,799,686
608,799,686
609,799,686
610,799,686
611,799,685
612,799,685
613,799,685
614,799,684
615,799,684
616,799,685
617,799,685
618,799,684
619,799,685
620,799,685
621,799,684
622,799,685
623,799,685
624,799,685
625,799,686
626,799,687
627,799,688
628,799,687
629,799,687
630,799,686
631,799,686
632,799,687
633,799,688
634,799,688
635,799,687
636,799,687
637,799,688
638,799,688
639,799,689
640,799,690
641,799,690
642,799,691
643,799,692
644,799,692
645,799,692
646,799,693
647,799,693
648,799,694
649,799,693
650,799,692
651,799,691
652,799,691
653,799,690
654,799,691
655,799,692
656,799,691
657,799,692
658,799,692
659,799,691
700,798,692
701,798,691
702,798,690
703,798,690
704,798,689
705,798,690
706,798,690
707,798,691
708,798,690
709,797,689
710,797,689
711,797,688
712,797,687
713,797,688
714,797,689
715,797,690
716,797,689
717,797,689
718,797,688
719,797,687
720,797,686
721,797,686
722,797,687
723,797,688
724,797,687
725,797,686
726,797,687
727,797,688
728,797,687
729,797,686
730,797,687
731,797,688
732,797,688
733,796,689
734,796,688
735,796,689
736,796,690
737,796,690
738,796,689
739,796,688
740,796,689
741,796,690
742,796,690
743,796,691
744,796,691
745,796,692
746,796,691
747,796,691
748,796,691
749,796,690
750,796,690
751,796,691
752,796,691
753,796,692
754,795,693
755,795,693
756,795,693
757,795,693
758,795,694
759,795,694
800,793,695
801,793,696
802,793,697
803,793,698
804,793,697
805,792,697
806,792,698
807,792,699
808,792,699
809,792,698
810,792,698
811,792,699
812,792,700
813,792,701
814,792,700
815,792,699
816,792,698
817,792,698
818,792,698
819,792,698
820,791,697
821,791,697
822,791,697
823,791,698
824,791,697
825,791,696
826,791,695
827,791,696
828,791,695
829,791,694
830,791,694
831,791,694
832,791,695
833,790,694
834,790,695
835,790,695
836,790,696
837,790,697
838,790,697
839,790,697
840,790,696
841,790,697
842,790,696
843,790,697
844,790,698
845,790,697
846,789,698
847,789,699
848,789,699
849,789,698
850,789,697
851,789,697
852,789,696
853,789,697
854,789,696
855,789,697
856,789,698
857,789,698
858,789,698
859,788,698
900,785,698
901,785,698
902,785,698
903,785,699
904,784,699
905,784,698
906,784,698
907,784,699
908,784,700
909,784,700
910,784,701
911,784,701
912,784,700
913,784,699
914,784,698
915,783,697
916,783,696
917,783,697
918,783,698
919,783,697
920,783,697
921,783,698
922,783,698
923,783,699
924,783,699
925,782,699
926,782,700
927,782,699
928,782,700
929,782,699
930,782,698
931,782,698
932,782,698
933,782,699
934,782,698
935,781,698
936,781,699
937,781,699
938,781,699
939,781,700
940,781,701
941,781,700
942,781,701
943,781,701
944,781,702
945,780,701
946,780,701
947,780,700
948,780,701
949,780,702
950,780,701
951,780,700
952,780,700
953,780,701
954,780,701
955,779,702
956,779,701
957,779,702
958,779,701
959,779,702
1000,775,703
1001,774,703
1002,774,704
1003,774,703
1004,774,702
1005,774,702
1006,774,701
1007,774,701
1008,774,702
1009,773,701
1010,773,700
1011,773,701
1012,773,702
1013,773,703
1014,773,703
1015,773,702
1016,773,702
1017,773,702
1018,772,703
1019,772,704
1020,772,705
1021,772,706
1022,772,706
1023,772,707
1024,772,707
1025,772,706
1026,771,705
1027,771,706
1028,771,706
1029,771,707
1030,771,706
1031,771,705
1032,771,706
1033,771,707
1034,771,707
1035,770,706
1036,770,707
1037,770,707
1038,770,707
1039,770,708
1040,770,709
1041,770,710
1042,770,710
1043,769,709
1044,769,710
1045,769,711
1046,769,710
1047,769,711
1048,769,712
1049,769,711
1050,769,712
1051,769,712
1052,768,711
1053,768,710
1054,768,711
1055,768,711
1056,768,710
1057,768,711
1058,768,711
1059,768,711
1100,762,712
1101,762,711
1102,762,712
1103,762,713
1104,762,712
1105,762,711
1106,762,711
1107,762,710
1108,761,710
1109,761,709
1110,761,708
1111,761,708
1112,761,708
1113,761,707
1114,761,707
1115,761,707
1116,760,708
1117,760,707
1118,760,706
1119,760,707
1120,760,708
1121,760,708
1122,760,709
1123,760,710
1124,759,711
1125,759,710
1126,759,710
1127,759,709
1128,759,708
1129,759,707
1130,759,708
1131,758,708
1132,758,708
1133,758,708
1134,758,707
1135,758,708
1136,758,707
1137,758,706
1138,758,707
1139,757,706
1140,757,705
1141,757,705
1142,757,704
1143,757,703
1144,757,703
1145,757,702
1146,757,702
1147,756,703
1148,756,703
1149,756,703
1150,756,702
1151,756,702
1152,756,701
1153,756,701
1154,756,700
1155,755,701
1156,755,701
1157,755,700
1158,755,699
1159,755,698
1200,750,699
1201,749,699
1202,749,699
1203,749,698
1204,749,699
1205,749,698
1206,749,698
1207,749,699
1208,748,700
1209,748,699
1210,748,700
1211,748,700
1212,748,699
1213,748,699
1214,748,699
1215,748,700
1216,747,700
1217,747,700
1218,747,700
1219,747,699
1220,747,700
1221,747,701
1222,747,701
1223,746,701
1224,746,701
1225,746,701
1226,746,701
1227,746,700
1228,746,699
1229,746,698
1230,746,699
1231,745,700
1232,745,699
1233,745,698
1234,745,699
1235,745,700
1236,745,700
1237,745,701
1238,745,700
1239,744,700
1240,744,700
1241,744,701
1242,744,700
1243,744,699
1244,744,698
1245,744,697
1246,743,697
1247,743,696
1248,743,696
1249,743,696
1250,743,695
1251,743,694
1252,743,695
1253,743,695
1254,742,696
1255,742,696
1256,742,697
1257,742,696
1258,742,695
1259,742,694
1300,737,694
1301,736,693
1302,736,693
1303,736,692
1304,736,693
1305,736,692
1306,736,692
1307,736,691
1308,736,691
1309,735,692
1310,735,693
1311,735,692
1312,735,693
1313,735,693
1314,735,693
1315,735,694
1316,735,695
1317,734,695
1318,734,694
1319,734,695
1320,734,694
1321,734,693
1322,734,692
1323,734,691
1324,734,692
1325,733,691
1326,733,692
1327,733,691
1328,733,690
1329,733,689
1330,733,690
1331,733,691
1332,733,690
1333,732,689
1334,732,690
1335,732,691
1336,732,692
1337,732,691
1338,732,690
1339,732,691
1340,732,690
1341,731,691
1342,731,690
1343,731,690
1344,731,689
1345,731,690
1346,731,691
1347,731,690
1348,731,689
1349,730,688
1350,730,687
1351,730,687
1352,730,686
1353,730,686
1354,730,687
1355,730,688
1356,730,689
1357,730,690
1358,729,689
1359,729,690
1400,725,690
1401,724,689
1402,724,689
1403,724,688
1404,724,688
1405,724,688
1406,724,687
1407,724,688
1408,724,688
1409,723,689
1410,723,688
1411,723,689
1412,723,690
1413,723,690
1414,723,690
1415,723,691
1416,723,691
1417,723,690
1418,722,689
1419,722,688
1420,722,687
1421,722,688
1422,722,688
1423,722,688
1424,722,689
1425,722,689
1426,722,688
1427,722,689
1428,721,690
1429,721,690
1430,721,690
1431,721,691
1432,721,690
1433,721,689
1434,721,689
1435,721,690
1436,721,691
1437,720,691
1438,720,691
1439,720,692
1440,720,693
1441,720,692
1442,720,691
1443,720,690
1444,720,691
1445,720,690
1446,719,690
1447,719,689
1448,719,690
1449,719,691
1450,719,690
1451,719,690
1452,719,689
1453,719,688
1454,719,687
1455,719,686
1456,718,686
1457,718,686
1458,718,687
1459,718,686
1500,714,686
1501,714,685
1502,714,684
1503,714,685
1504,714,686
1505,714,685
1506,714,684
1507,714,684
1508,713,685
1509,713,685
1510,713,684
1511,713,685
1512,713,686
1513,713,687
1514,713,687
1515,713,688
1516,713,688
1517,713,689
1518,713,688
1519,712,687
1520,712,687
1521,712,688
1522,712,688
1523,712,688
1524,712,687
1525,712,688
1526,712,687
1527,712,687
1528,712,686
1529,712,687
1530,711,688
1531,711,689
1532,711,690
1533,711,691
1534,711,692
1535,711,693
1536,711,692
1537,711,691
1538,711,690
1539,711,689
1540,711,688
1541,711,688
1542,710,689
1543,710,689
1544,710,690
1545,710,689
1546,710,688
1547,710,687
1548,710,687
1549,710,688
1550,710,687
1551,710,687
1552,710,687
1553,710,687
1554,710,686
1555,709,687
1556,709,686
1557,709,686
1558,709,687
1559,709,687
1600,706,688
1601,706,687
1602,706,686
1603,706,686
1604,706,686
1605,706,687
1606,706,687
1607,706,688
1608,706,688
1609,706,689
1610,706,688
1611,705,687
1612,705,688
1613,705,688
1614,705,688
1615,705,687
1616,705,688
1617,705,689
1618,705,689
1619,705,689
1620,705,690
1621,705,691
1622,705,691
1623,705,692
1624,705,691
1625,705,690
1626,705,690
1627,705,691
1628,704,692
1629,704,693
1630,704,692
1631,704,692
1632,704,693
1633,704,693
1634,704,693
1635,704,693
1636,704,693
1637,704,693
1638,704,694
1639,704,695
1640,704,695
1641,704,695
1642,704,694
1643,704,693
1644,704,693
1645,704,692
1646,704,692
1647,703,693
1648,703,692
1649,703,691
1650,703,692
1651,703,692
1652,703,691
1653,703,692
1654,703,691
1655,703,692
1656,703,692
1657,703,692
1658,703,693
1659,703,692
1700,701,691
1701,701,691
1702,701,691
1703,701,691
1704,701,691
1705,701,692
1706,701,691
1707,701,690
1708,701,689
1709,701,690
1710,701,690
1711,701,689
1712,701,689
1713,701,688
1714,701,687
1715,701,686
1716,701,687
1717,701,687
1718,701,687
1719,701,686
1720,701,685
1721,701,684
1722,701,685
1723,701,684
1724,700,685
1725,700,686
1726,700,686
1727,700,687
1728,700,686
1729,700,686
1730,700,685
1731,700,685
1732,700,685
1733,700,685
1734,700,685
1735,700,684
1736,700,684
1737,700,685
1738,700,684
1739,700,684
1740,700,685
1741,700,684
1742,700,683
1743,700,682
1744,700,682
1745,700,683
1746,700,682
1747,700,682
1748,700,683
1749,700,682
1750,700,683
1751,700,684
1752,700,683
1753,700,682
1754,700,682
1755,700,681
1756,700,682
1757,700,683
1758,700,684
1759,700,684
1800,700,683
1801,700,682
1802,700,682
1803,700,683
1804,700,684
1805,700,684
1806,700,684
1807,700,683
1808,700,682
1809,700,682
1810,700,682
1811,700,683
1812,700,684
1813,700,684
1814,700,685
1815,700,686
1816,700,685
1817,700,686
1818,700,685
1819,700,686
1820,700,685
1821,700,686
1822,700,686
1823,700,686
1824,700,685
1825,700,686
1826,700,687
1827,700,687
1828,700,688
1829,700,687
1830,700,686
1831,700,686
1832,700,686
1833,700,687
1834,700,686
1835,700,686
1836,700,686
1837,700,687
1838,700,687
1839,700,687
1840,700,688
1841,700,688
1842,700,688
1843,700,689
1844,700,688
1845,700,689
1846,700,688
1847,700,689
1848,700,689
1849,700,690
1850,700,689
1851,700,689
1852,700,690
1853,700,690
1854,700,690
1855,700,691
1856,700,692
1857,700,692
1858,700,693
1859,700,692
1900,701,691
1901,701,691
1902,701,692
1903,701,692
1904,701,691
1905,701,690
1906,701,689
1907,701,688
1908,701,687
1909,702,688
1910,702,687
1911,702,686
1912,702,686
1913,702,685
1914,702,685
1915,702,685
1916,702,684
1917,702,684
1918,702,685
1919,702,686
1920,702,687
1921,702,686
1922,702,687
1923,702,686
1924,702,685
1925,702,684
1926,702,683
1927,702,684
1928,702,685
1929,702,686
1930,702,686
1931,702,685
1932,702,685
1933,703,686
1934,703,685
1935,703,685
1936,703,685
1937,703,685
1938,703,686
1939,703,686
1940,703,687
1941,703,687
1942,703,687
1943,703,686
1944,703,686
1945,703,685
1946,703,684
1947,703,685
1948,703,684
1949,703,684
1950,703,685
1951,703,686
1952,703,687
1953,703,687
1954,704,688
1955,704,688
1956,704,689
1957,704,688
1958,704,688
1959,704,689
2000,706,688
2001,706,689
2002,706,688
2003,706,689
2004,706,688
2005,707,687
2006,707,686
2007,707,686
2008,707,686
2009,707,687
2010,707,688
2011,707,689
2012,707,688
2013,707,687
2014,707,687
2015,707,688
2016,707,688
2017,707,688
2018,707,688
2019,707,688
2020,708,688
2021,708,688
2022,708,689
2023,708,688
2024,708,687
2025,708,687
2026,708,688
2027,708,688
2028,708,687
2029,708,686
2030,708,686
2031,708,687
2032,708,688
2033,709,689
2034,709,688
2035,709,687
2036,709,686
2037,709,686
2038,709,685
2039,709,686
2040,709,685
2041,709,686
2042,709,686
2043,709,686
2044,709,687
2045,709,688
2046,710,688
2047,710,688
2048,710,689
2049,710,689
2050,710,688
2051,710,689
2052,710,690
2053,710,691
2054,710,691
2055,710,692
2056,710,692
2057,710,693
2058,710,694
2059,711,695
2100,714,695
2101,714,694
2102,714,695
2103,714,694
2104,715,695
2105,715,696
2106,715,697
2107,715,697
2108,715,698
2109,715,697
2110,715,698
2111,715,698
2112,715,698
2113,715,697
2114,715,696
2115,716,696
2116,716,696
2117,716,697
2118,716,698
2119,716,697
2120,716,698
2121,716,697
2122,716,696
2123,716,697
2124,716,696
2125,717,695
2126,717,694
2127,717,694
2128,717,694
2129,717,694
2130,717,693
2131,717,694
2132,717,694
2133,717,693
2134,717,693
2135,718,692
2136,718,693
2137,718,694
2138,718,693
2139,718,693
2140,718,694
2141,718,694
2142,718,694
2143,718,694
2144,718,694
2145,719,693
2146,719,694
2147,719,694
2148,719,694
2149,719,694
2150,719,695
2151,719,696
2152,719,695
2153,719,695
2154,719,694
2155,720,695
2156,720,696
2157,720,695
2158,720,695
2159,720,695
2200,725,696
2201,725,697
2202,725,696
2203,725,695
2204,725,695
2205,725,696
2206,725,695
2207,725,696
2208,725,697
2209,726,696
2210,726,696
2211,726,695
2212,726,696
2213,726,696
2214,726,695
2215,726,695
2216,726,696
2217,726,695
2218,727,694
2219,727,695
2220,727,695
2221,727,696
2222,727,695
2223,727,695
2224,727,696
2225,727,697
2226,728,698
2227,728,698
2228,728,699
2229,728,700
2230,728,699
2231,728,698
2232,728,698
2233,728,698
2234,728,698
2235,729,699
2236,729,699
2237,729,699
2238,729,699
2239,729,699
2240,729,698
2241,729,699
2242,729,700
2243,730,701
2244,730,702
2245,730,701
2246,730,702
2247,730,701
2248,730,701
2249,730,702
2250,730,701
2251,730,700
2252,731,700
2253,731,699
2254,731,699
2255,731,698
2256,731,697
2257,731,696
2258,731,695
2259,731,694
2300,737,695
2301,737,696
2302,737,697
2303,737,698
2304,737,699
2305,737,699
2306,737,700
2307,737,699
2308,738,698
2309,738,697
2310,738,698
2311,738,698
2312,738,697
2313,738,697
2314,738,697
2315,738,698
2316,739,697
2317,739,696
2318,739,696
2319,739,697
2320,739,698
2321,739,698
2322,739,699
2323,739,698
2324,740,699
2325,740,700
2326,740,700
2327,740,699
2328,740,698
2329,740,697
2330,740,696
2331,741,697
2332,741,696
2333,741,695
2334,741,695
2335,741,695
2336,741,695
2337,741,696
2338,741,697
2339,742,696
2340,742,695
2341,742,696
2342,742,695
2343,742,696
2344,742,695
2345,742,695
2346,742,696
2347,743,696
2348,743,695
2349,743,695
2350,743,695
2351,743,694
2352,743,695
2353,743,695
2354,743,694
2355,744,694
2356,744,695
2357,744,694
2358,744,694
2359,744,693
0,750,694
1,750,693
2,750,692
3,750,691
4,750,690
5,750,690
6,750,689
7,750,690
8,751,689
9,751,688
10,751,689
11,751,689
12,751,690
13,751,689
14,751,688
15,751,687
16,752,688
17,752,688
18,752,687
19,752,686
20,752,687
21,752,688
22,752,687
23,753,686
24,753,686
25,753,685
26,753,685
27,753,684
28,753,683
29,753,684
30,753,683
31,754,682
32,754,681
33,754,680
34,754,679
35,754,680
36,754,680
37,754,681
38,754,682
39,755,682
40,755,683
41,755,683
42,755,684
43,755,683
44,755,684
45,755,684
46,756,685
47,756,685
48,756,685
49,756,684
50,756,683
51,756,682
52,756,682
53,756,681
54,757,682
55,757,681
56,757,682
57,757,683
58,757,683
59,757,684
100,762,683
101,763,683
102,763,683
103,763,684
104,763,683
105,763,682
106,763,683
107,763,684
108,763,683
109,764,684
110,764,684
111,764,684
112,764,684
113,764,684
114,764,685
115,764,684
116,764,684
117,765,685
118,765,685
119,765,684
120,765,684
121,765,684
122,765,685
123,765,686
124,765,687
125,766,686
126,766,686
127,766,686
128,766,686
129,766,685
130,766,686
131,766,686
132,766,687
133,767,687
134,767,688
135,767,688
136,767,689
137,767,689
138,767,690
139,767,689
140,767,690
141,768,691
142,768,692
143,768,693
144,768,692
145,768,693
146,768,693
147,768,693
148,768,694
149,769,695
150,769,695
151,769,695
152,769,695
153,769,694
154,769,694
155,769,694
156,769,693
157,769,692
158,770,691
159,770,692
200,775,693
201,775,693
202,775,694
203,775,695
204,775,696
205,775,695
206,775,696
207,775,696
208,775,696
209,776,696
210,776,696
211,776,696
212,776,697
213,776,696
214,776,697
215,776,697
216,776,697
217,776,697
218,777,697
219,777,697
220,777,696
221,777,695
222,777,694
223,777,693
224,777,693
225,777,692
226,777,692
227,777,693
228,778,693
229,778,692
230,778,691
231,778,692
232,778,693
233,778,694
234,778,695
235,778,694
236,778,693
237,779,692
238,779,692
239,779,691
240,779,692
241,779,691
242,779,690
243,779,689
244,779,690
245,779,691
246,780,690
247,780,691
248,780,691
249,780,692
250,780,693
251,780,692
252,780,693
253,780,693
254,780,692
255,780,693
256,781,693
257,781,692
258,781,691
259,781,692
300,785,693
301,785,694
302,785,694
303,785,695
304,785,694
305,785,693
306,785,692
307,785,693
308,786,692
309,786,693
310,786,694
311,786,694
312,786,694
313,786,693
314,786,694
315,786,694
316,786,693
317,786,692
318,786,693
319,787,693
320,787,694
321,787,694
322,787,695
323,787,694
324,787,695
325,787,696
326,787,696
327,787,696
328,787,697
329,787,696
330,788,697
331,788,698
332,788,699
333,788,700
334,788,699
335,788,699
336,788,699
337,788,700
338,788,701
339,788,701
340,788,701
341,788,700
342,789,699
343,789,698
344,789,697
345,789,697
346,789,696
347,789,695
348,789,694
349,789,695
350,789,696
351,789,696
352,789,695
353,789,694
354,789,694
355,790,693
356,790,694
357,790,694
358,790,693
359,790,692
400,793,692
401,793,693
402,793,692
403,793,691
404,793,692
405,793,692
406,793,691
407,793,692
408,793,692
409,793,691
410,793,692
411,794,691
412,794,690
413,794,690
414,794,689
415,794,690
416,794,690
417,794,690
418,794,691
419,794,691
420,794,692
421,794,691
422,794,691
423,794,691
424,794,690
425,794,690
426,794,691
427,794,691
428,795,692
429,795,691
430,795,692
431,795,692
432,795,691
433,795,690
434,795,689
435,795,690
436,795,690
437,795,691
438,795,691
439,795,691
440,795,691
441,795,691
442,795,690
443,795,691
444,795,692
445,795,691
446,795,690
447,796,689
448,796,688
449,796,689
450,796,690
451,796,689
452,796,690
453,796,690
454,796,690
455,796,690
456,796,691
457,796,692
458,796,692
459,796,691
500,798,691
501,798,690
502,798,690
503,798,691
504,798,692
505,798,691
506,798,691
507,798,692
508,798,691
509,798,691
510,798,690
511,798,689
512,798,689
513,798,689
514,798,690
515,798,689
516,798,690
517,798,690
518,798,691
519,798,692
520,798,693
521,798,693
522,798,692
523,798,691
524,799,692
525,799,692
526,799,691
527,799,691
528,799,690
529,799,690
530,799,689
531,799,688
532,799,689
533,799,689
534,799,689
535,799,690
536,799,690
537,799,690
538,799,690
539,799,690
540,799,689
541,799,688
542,799,689
543,799,689
544,799,690
545,799,690
546,799,690
547,799,689
548,799,688
549,799,689
550,799,689
551,799,688
552,799,689
553,799,689
554,799,690
555,799,689
556,799,690
557,799,691
558,799,692
559,799,693
600,800,694
601,799,693
602,799,694
603,799,694
604,799,695
605,799,696
606,799,695
607,799,696
608,799,695
609,799,694
610,799,693
611,799,693
612,799,693
613,799,693
614,799,693
615,799,692
616,799,692
617,799,693
618,799,692
619,799,693
620,799,694
621,799,695
622,799,695
623,799,694
624,799,694
625,799,695
626,799,695
627,799,696
628,799,695
629,799,696
630,799,697
631,799,696
632,799,695
633,799,694
634,799,694
635,799,693
636,799,693
637,799,694
638,799,693
639,799,692
640,799,692
641,799,692
642,799,692
643,799,691
644,799,690
645,799,691
646,799,690
647,799,690
648,799,691
649,799,691
650,799,692
651,799,693
652,799,693
653,799,692
654,799,691
655,799,691
656,799,691
657,799,691
658,799,692
659,799,691
700,798,691
701,798,691
702,798,690
703,798,691
704,798,691
705,798,691
706,798,692
707,798,692
708,798,693
709,797,693
710,797,694
711,797,695
712,797,694
713,797,693
714,797,693
715,797,693
716,797,693
717,797,692
718,797,693
719,797,693
720,797,693
721,797,694
722,797,693
723,797,694
724,797,694
725,797,695
726,797,696
727,797,697
728,797,696
729,797,697
730,797,696
731,797,696
732,797,696
733,796,696
734,796,695
735,796,696
736,796,696
737,796,696
738,796,696
739,796,695
740,796,696
741,796,696
742,796,697
743,796,697
744,796,696
745,796,695
746,796,696
747,796,695
748,796,694
749,796,695
750,796,694
751,796,695
752,796,696
753,796,695
754,795,695
755,795,694
756,795,694
757,795,694
758,795,693
759,795,692
800,793,691
801,793,691
802,793,690
803,793,691
804,793,690
805,792,691
806,792,692
807,792,692
808,792,693
809,792,692
810,792,693
811,792,692
812,792,691
813,792,691
814,792,691
815,792,691
816,792,690
817,792,690
818,792,689
819,792,688
820,791,688
821,791,688
822,791,689
823,791,690
824,791,690
825,791,689
826,791,688
827,791,688
828,791,687
829,791,688
830,791,688
831,791,689
832,791,690
833,790,690
834,790,691
835,790,692
836,790,693
837,790,693
838,790,692
839,790,691
840,790,692
841,790,692
842,790,693
843,790,693
844,790,692
845,790,693
846,789,694
847,789,695
848,789,695
849,789,696
850,789,696
851,789,697
852,789,698
853,789,698
854,789,697
855,789,698
856,789,697
857,789,696
858,789,695
859,788,695
900,785,694
901,785,695
902,785,696
903,785,695
904,784,695
905,784,694
906,784,694
907,784,693
908,784,692
909,784,691
910,784,691
911,784,690
912,784,691
913,784,692
914,784,691
915,783,690
916,783,689
917,783,688
918,783,687
919,783,687
920,783,686
921,783,686
922,783,686
923,783,685
924,783,685
925,782,685
926,782,686
927,782,686
928,782,687
929,782,687
930,782,688
931,782,687
932,782,686
933,782,685
934,782,684
935,781,683
936,781,683
937,781,682
938,781,682
939,781,683
940,781,684
941,781,685
942,781,685
943,781,685
944,781,686
945,780,685
946,780,685
947,780,685
948,780,686
949,780,685
950,780,684
951,780,684
952,780,684
953,780,683
954,780,682
955,779,683
956,779,682
957,779,681
958,779,682
959,779,683
1000,775,683
1001,774,683
1002,774,684
1003,774,685
1004,774,685
1005,774,685
1006,774,685
1007,774,686
1008,774,687
1009,773,688
1010,773,687
1011,773,687
1012,773,687
1013,773,687
1014,773,688
1015,773,687
1016,773,688
1017,773,689
1018,772,689
1019,772,690
1020,772,689
1021,772,688
1022,772,687
1023,772,686
1024,772,686
1025,772,685
1026,771,684
1027,771,684
1028,771,685
1029,771,686
1030,771,686
1031,771,685
1032,771,686
1033,771,686
1034,771,686
1035,770,687
1036,770,687
1037,770,688
1038,770,688
1039,770,687
1040,770,686
1041,770,687
1042,770,687
1043,769,686
1044,769,685
1045,769,684
1046,769,684
1047,769,683
1048,769,683
1049,769,682
1050,769,681
1051,769,682
1052,768,681
1053,768,681
1054,768,681
1055,768,680
1056,768,680
1057,768,681
1058,768,681
1059,768,682
1100,762,682
1101,762,681
1102,762,682
1103,762,681
1104,762,682
1105,762,681
1106,762,681
1107,762,682
1108,761,681
1109,761,680
1110,761,681
1111,761,681
1112,761,680
1113,761,680
1114,761,679
1115,761,678
1116,760,677
1117,760,676
1118,760,677
1119,760,678
1120,760,678
1121,760,678
1122,760,678
1123,760,678
1124,759,678
1125,759,677
1126,759,678
1127,759,678
1128,759,679
1129,759,679
1130,759,678
1131,758,677
1132,758,677
1133,758,676
1134,758,676
1135,758,677
1136,758,678
1137,758,678
1138,758,679
1139,757,680
1140,757,680
1141,757,681
1142,757,681
1143,757,682
1144,757,682
1145,757,683
1146,757,684
1147,756,684
1148,756,683
1149,756,682
1150,756,682
1151,756,681
1152,756,680
1153,756,679
1154,756,680
1155,755,679
1156,755,680
1157,755,679
1158,755,680
1159,755,681
1200,750,681
1201,749,680
1202,749,681
1203,749,680
1204,749,680
1205,749,681
1206,749,680
1207,749,680
1208,748,680
1209,748,681
1210,748,680
1211,748,680
1212,748,679
1213,748,679
1214,748,680
1215,748,681
1216,747,682
1217,747,683
1218,747,684
1219,747,683
1220,747,684
1221,747,684
1222,747,683
1223,746,682
1224,746,683
1225,746,682
1226,746,683
1227,746,683
1228,746,683
1229,746,682
1230,746,682
1231,745,683
1232,745,684
1233,745,685
1234,745,685
1235,745,686
1236,745,686
1237,745,686
1238,745,686
1239,744,687
1240,744,686
1241,744,687
1242,744,686
1243,744,687
1244,744,688
1245,744,689
1246,743,688
1247,743,689
1248,743,688
1249,743,687
1250,743,687
1251,743,686
1252,743,687
1253,743,686
1254,742,687
1255,742,687
1256,742,688
1257,742,687
1258,742,687
1259,742,688
1300,737,687
1301,736,686
1302,736,687
1303,736,687
1304,736,686
1305,736,685
1306,736,684
1307,736,684
1308,736,684
1309,735,683
1310,735,684
1311,735,684
1312,735,685
1313,735,685
1314,735,685
1315,735,686
1316,735,685
1317,734,685
1318,734,685
1319,734,686
1320,734,687
1321,734,688
1322,734,687
1323,734,687
1324,734,688
1325,733,687
1326,733,686
1327,733,687
1328,733,686
1329,733,686
1330,733,685
1331,733,684
1332,733,684
1333,732,684
1334,732,683
1335,732,682
1336,732,681
1337,732,680
1338,732,680
1339,732,680
1340,732,680
1341,731,681
1342,731,681
1343,731,682
1344,731,681
1345,731,681
1346,731,682
1347,731,681
1348,731,682
1349,730,681
1350,730,681
1351,730,680
1352,730,680
1353,730,679
1354,730,678
1355,730,678
1356,730,679
1357,730,680
1358,729,679
1359,729,678
1400,725,677
1401,724,678
1402,724,677
1403,724,676
1404,724,677
1405,724,678
1406,724,677
1407,724,678
1408,724,678
1409,723,678
1410,723,678
1411,723,679
1412,723,680
1413,723,679
1414,723,678
1415,723,677
1416,723,676
1417,723,675
1418,722,675
1419,722,675
1420,722,675
1421,722,676
1422,722,676
1423,722,677
1424,722,677
1425,722,678
1426,722,677
1427,722,678
1428,721,678
1429,721,678
1430,721,677
1431,721,678
1432,721,677
1433,721,678
1434,721,679
1435,721,680
1436,721,681
1437,720,682
1438,720,683
1439,720,682
1440,720,683
1441,720,682
1442,720,683
1443,720,683
1444,720,682
1445,720,683
1446,719,683
1447,719,682
1448,719,682
1449,719,681
1450,719,681
1451,719,681
1452,719,681
1453,719,680
1454,719,679
1455,719,679
1456,718,678
1457,718,679
1458,718,678
1459,718,677
1500,714,678
1501,714,679
1502,714,678
1503,714,679
1504,714,680
1505,714,681
1506,714,681
1507,714,680
1508,713,681
1509,713,680
1510,713,680
1511,713,681
1512,713,682
1513,713,683
1514,713,683
1515,713,684
1516,713,685
1517,713,685
1518,713,686
1519,712,685
1520,712,686
1521,712,685
1522,712,685
1523,712,684
1524,712,683
1525,712,682
1526,712,681
1527,712,680
1528,712,679
1529,712,678
1530,711,677
1531,711,676
1532,711,676
1533,711,675
1534,711,676
1535,711,676
1536,711,675
1537,711,674
1538,711,673
1539,711,674
1540,711,674
1541,711,674
1542,710,674
1543,710,675
1544,710,674
1545,710,673
1546,710,673
1547,710,674
1548,710,674
1549,710,674
1550,710,673
1551,710,672
1552,710,671
1553,710,672
1554,710,671
1555,709,672
1556,709,671
1557,709,672
1558,709,672
1559,709,671
1600,706,671
1601,706,672
1602,706,673
1603,706,674
1604,706,673
1605,706,674
1606,706,675
1607,706,676
1608,706,676
1609,706,675
1610,706,674
1611,705,673
1612,705,673
1613,705,672
1614,705,673
1615,705,672
1616,705,671
1617,705,671
1618,705,670
1619,705,671
1620,705,670
1621,705,671
1622,705,672
1623,705,672
1624,705,673
1625,705,673
1626,705,672
1627,705,673
1628,704,672
1629,704,671
1630,704,670
1631,704,669
1632,704,669
1633,704,668
1634,704,668
1635,704,668
1636,704,667
1637,704,667
1638,704,666
1639,704,667
1640,704,666
1641,704,667
1642,704,668
1643,704,667
1644,704,666
1645,704,667
1646,704,667
1647,703,668
1648,703,668
1649,703,669
1650,703,669
1651,703,670
1652,703,670
1653,703,671
1654,703,670
1655,703,670
1656,703,671
1657,703,670
1658,703,669
1659,703,670
1700,701,669
1701,701,668
1702,701,667
1703,701,666
1704,701,666
1705,701,667
1706,701,666
1707,701,667
1708,701,667
1709,701,666
1710,701,665
1711,701,664
1712,701,665
1713,701,665
1714,701,666
1715,701,666
1716,701,667
1717,701,668
1718,701,667
1719,701,666
1720,701,667
1721,701,666
1722,701,667
1723,701,668
1724,700,667
1725,700,666
1726,700,665
1727,700,665
1728,700,665
1729,700,665
1730,700,664
1731,700,664
1732,700,665
1733,700,666
1734,700,667
1735,700,668
1736,700,667
1737,700,668
1738,700,668
1739,700,668
1740,700,668
1741,700,668
1742,700,668
1743,700,667
1744,700,668
1745,700,667
1746,700,668
1747,700,667
1748,700,667
1749,700,667
1750,700,667
1751,700,667
1752,700,668
1753,700,668
1754,700,668
1755,700,669
1756,700,670
1757,700,671
1758,700,670
1759,700,671
1800,700,671
1801,700,670
1802,700,669
1803,700,670
1804,700,671
1805,700,670
1806,700,669
1807,700,668
1808,700,669
1809,700,670
1810,700,669
1811,700,669
1812,700,668
1813,700,667
1814,700,666
1815,700,667
1816,700,668
1817,700,668
1818,700,668
1819,700,668
1820,700,667
1821,700,666
1822,700,665
1823,700,664
1824,700,665
1825,700,666
1826,700,665
1827,700,665
1828,700,666
1829,700,666
1830,700,665
1831,700,664
1832,700,665
1833,700,666
1834,700,667
1835,700,666
1836,700,667
1837,700,666
1838,700,665
1839,700,666
1840,700,665
1841,700,665
1842,700,665
1843,700,666
1844,700,666
1845,700,665
1846,700,666
1847,700,666
1848,700,666
1849,700,665
1850,700,665
1851,700,666
1852,700,665
1853,700,665
1854,700,665
1855,700,664
1856,700,664
1857,700,664
1858,700,664
1859,700,664
1900,701,664
1901,701,665
1902,701,666
1903,701,665
1904,701,664
1905,701,665
1906,701,665
1907,701,664
1908,701,665
1909,702,664
1910,702,665
1911,702,665
1912,702,665
1913,702,666
1914,702,666
1915,702,665
1916,702,664
1917,702,665
1918,702,664
1919,702,665
1920,702,666
1921,702,665
1922,702,665
1923,702,664
1924,702,663
1925,702,662
1926,702,662
1927,702,663
1928,702,664
1929,702,664
1930,702,664
1931,702,664
1932,702,663
1933,703,664
1934,703,665
1935,703,665
1936,703,666
1937,703,665
1938,703,664
1939,703,663
1940,703,663
1941,703,664
1942,703,663
1943,703,664
1944,703,665
1945,703,666
1946,703,665
1947,703,664
1948,703,663
1949,703,664
1950,703,663
1951,703,664
1952,703,663
1953,703,664
1954,704,664
1955,704,663
1956,704,662
1957,704,663
1958,704,662
1959,704,662
2000,706,662
2001,706,661
2002,706,661
2003,706,661
2004,706,661
2005,707,662
2006,707,661
2007,707,661
2008,707,661
2009,707,662
2010,707,662
2011,707,663
2012,707,662
2013,707,661
2014,707,661
2015,707,660
2016,707,659
2017,707,658
2018,707,657
2019,707,657
2020,708,657
2021,708,656
2022,708,656
2023,708,656
2024,708,657
2025,708,656
2026,708,655
2027,708,656
2028,708,656
2029,708,656
2030,708,655
2031,708,655
2032,708,655
2033,709,654
2034,709,654
2035,709,654
2036,709,654
2037,709,654
2038,709,654
2039,709,653
2040,709,653
2041,709,652
2042,709,651
2043,709,650
2044,709,651
2045,709,651
2046,710,651
2047,710,652
2048,710,652
2049,710,653
2050,710,652
2051,710,652
2052,710,651
2053,710,652
2054,710,651
2055,710,652
2056,710,652
2057,710,652
2058,710,653
2059,711,653
2100,714,654
2101,714,653
2102,714,652
2103,714,652
2104,715,652
2105,715,652
2106,715,653
2107,715,652
2108,715,653
2109,715,653
2110,715,652
2111,715,652
2112,715,653
2113,715,653
2114,715,653
2115,716,652
2116,716,651
2117,716,652
2118,716,652
2119,716,651
2120,716,652
2121,716,652
2122,716,652
2123,716,652
2124,716,653
2125,717,654
2126,717,654
2127,717,653
2128,717,652
2129,717,653
2130,717,652
2131,717,653
2132,717,653
2133,717,652
2134,717,652
2135,718,651
2136,718,651
2137,718,652
2138,718,651
2139,718,652
2140,718,653
2141,718,653
2142,718,654
2143,718,655
2144,718,654
2145,719,654
2146,719,654
2147,719,655
2148,719,656
2149,719,655
2150,719,656
2151,719,656
2152,719,655
2153,719,656
2154,719,657
2155,720,656
2156,720,657
2157,720,657
2158,720,658
2159,720,659
2200,725,658
2201,725,658
2202,725,657
2203,725,656
2204,725,657
2205,725,656
2206,725,657
2207,725,656
2208,725,655
2209,726,656
2210,726,657
2211,726,656
2212,726,655
2213,726,655
2214,726,656
2215,726,657
2216,726,657
2217,726,658
2218,727,657
2219,727,657
2220,727,656
2221,727,657
2222,727,656
2223,727,655
2224,727,655
2225,727,654
2226,728,653
2227,728,652
2228,728,652
2229,728,653
2230,728,654
2231,728,653
2232,728,652
2233,728,651
2234,728,651
2235,729,652
2236,729,651
2237,729,650
2238,729,649
2239,729,648
2240,729,649
2241,729,648
2242,729,648
2243,730,648
2244,730,647
2245,730,647
2246,730,647
2247,730,647
2248,730,648
2249,730,649
2250,730,650
2251,730,650
2252,731,651
2253,731,650
2254,731,649
2255,731,649
2256,731,649
2257,731,650
2258,731,650
2259,731,650
2300,737,649
2301,737,648
2302,737,649
2303,737,650
2304,737,651
2305,737,650
2306,737,651
2307,737,650
2308,738,651
2309,738,650
2310,738,649
2311,738,649
2312,738,648
2313,738,647
2314,738,647
2315,738,646
2316,739,646
2317,739,647
2318,739,648
2319,739,649
2320,739,650
2321,739,651
2322,739,652
2323,739,652
2324,740,653
2325,740,654
2326,740,654
2327,740,654
2328,740,655
2329,740,656
2330,740,655
2331,741,656
2332,741,655
2333,741,656
2334,741,655
2335,741,654
2336,741,653
2337,741,654
2338,741,653
2339,742,654
2340,742,655
2341,742,655
2342,742,655
2343,742,655
2344,742,654
2345,742,654
2346,742,653
2347,743,653
2348,743,653
2349,743,654
2350,743,654
2351,743,655
2352,743,654
2353,743,655
2354,743,655
2355,744,656
2356,744,657
2357,744,656
2358,744,657
2359,744,656
0,750,657
1,750,658
2,750,657
3,750,657
4,750,657
5,750,657
6,750,657
7,750,656
8,751,656
9,751,657
10,751,657
11,751,657
12,751,658
13,751,659
14,751,659
15,751,659
16,752,658
17,752,659
18,752,659
19,752,660
20,752,659
21,752,660
22,752,661
23,753,660
24,753,661
25,753,661
26,753,661
27,753,662
28,753,662
29,753,661
30,753,662
31,754,662
32,754,661
33,754,662
34,754,661
35,754,662
36,754,661
37,754,660
38,754,659
39,755,658
40,755,658
41,755,657
42,755,658
43,755,657
44,755,657
45,755,658
46,756,657
47,756,656
48,756,655
49,756,654
50,756,655
51,756,655
52,756,656
53,756,657
54,757,657
55,757,658
56,757,657
57,757,657
58,757,658
59,757,657
100,762,656
101,763,657
102,763,657
103,763,657
104,763,656
105,763,657
106,763,658
107,763,657
108,763,657
109,764,656
110,764,657
111,764,656
112,764,657
113,764,658
114,764,657
115,764,657
116,764,657
117,765,658
118,765,658
119,765,658
120,765,658
121,765,657
122,765,658
123,765,658
124,765,657
125,766,657
126,766,657
127,766,657
128,766,658
129,766,659
130,766,660
131,766,659
132,766,658
133,767,657
134,767,658
135,767,657
136,767,656
137,767,657
138,767,658
139,767,659
140,767,660
141,768,661
142,768,662
143,768,662
144,768,661
145,768,660
146,768,660
147,768,661
148,768,661
149,769,662
150,769,663
151,769,663
152,769,664
153,769,665
154,769,664
155,769,663
156,769,662
157,769,661
158,770,661
159,770,661
200,775,660
201,775,660
202,775,661
203,775,660
204,775,660
205,775,661
206,775,661
207,775,660
208,775,660
209,776,660
210,776,659
211,776,659
212,776,660
213,776,659
214,776,659
215,776,660
216,776,661
217,776,661
218,777,661
219,777,660
220,777,661
221,777,660
222,777,659
223,777,659
224,777,659
225,777,660
226,777,661
227,777,661
228,778,660
229,778,661
230,778,662
231,778,661
232,778,660
233,778,660
234,778,661
235,778,661
236,778,661
237,779,661
238,779,660
239,779,661
240,779,660
241,779,659
242,779,658
243,779,659
244,779,658
245,779,657
246,780,656
247,780,656
248,780,657
249,780,656
250,780,656
251,780,656
252,780,656
253,780,656
254,780,655
255,780,656
256,781,656
257,781,656
258,781,657
259,781,657
300,785,656
301,785,656
302,785,656
303,785,657
304,785,656
305,785,655
306,785,656
307,785,657
308,786,658
309,786,659
310,786,660
311,786,659
312,786,659
313,786,659
314,786,658
315,786,657
316,786,658
317,786,657
318,786,658
319,787,657
320,787,656
321,787,655
322,787,656
323,787,656
324,787,656
325,787,655
326,787,654
327,787,654
328,787,654
329,787,653
330,788,653
331,788,652
332,788,653
333,788,652
334,788,653
335,788,653
336,788,652
337,788,651
338,788,652
339,788,653
340,788,652
341,788,651
342,789,650
343,789,650
344,789,650
345,789,649
346,789,648
347,789,648
348,789,648
349,789,647
350,789,648
351,789,647
352,789,648
353,789,647
354,789,648
355,790,649
356,790,650
357,790,650
358,790,649
359,790,650
400,793,649
401,793,648
402,793,649
403,793,649
404,793,648
405,793,648
406,793,647
407,793,646
408,793,646
409,793,647
410,793,646
411,794,647
412,794,647
413,794,647
414,794,648
415,794,649
416,794,650
417,794,649
418,794,650
419,794,651
420,794,651
421,794,651
422,794,651
423,794,651
424,794,651
425,794,652
426,794,651
427,794,651
428,795,651
429,795,651
430,795,650
431,795,649
432,795,649
433,795,649
434,795,650
435,795,649
436,795,649
437,795,649
438,795,649
439,795,648
440,795,648
441,795,647
442,795,647
443,795,647
444,795,648
445,795,649
446,795,650
447,796,650
448,796,649
449,796,649
450,796,650
451,796,651
452,796,652
453,796,651
454,796,650
455,796,650
456,796,650
457,796,650
458,796,650
459,796,649
500,798,650
501,798,651
502,798,650
503,798,650
504,798,649
505,798,648
506,798,648
507,798,647
508,798,647
509,798,646
510,798,645
511,798,646
512,798,646
513,798,647
514,798,648
515,798,647
516,798,647
517,798,646
518,798,646
519,798,645
520,798,645
521,798,644
522,798,643
523,798,643
524,799,644
525,799,643
526,799,642
527,799,641
528,799,642
529,799,641
530,799,641
531,799,640
532,799,639
533,799,640
534,799,640
535,799,640
536,799,641
537,799,642
538,799,641
539,799,641
540,799,641
541,799,640
542,799,640
543,799,641
544,799,642
545,799,642
546,799,643
547,799,642
548,799,643
549,799,642
550,799,642
551,799,643
552,799,642
553,799,642
554,799,643
555,799,643
556,799,642
557,799,642
558,799,643
559,799,643
600,800,644
601,799,644
602,799,644
603,799,645
604,799,644
605,799,643
606,799,644
607,799,645
608,799,644
609,799,645
610,799,645
611,799,644
612,799,645
613,799,644
614,799,643
615,799,644
616,799,645
617,799,646
618,799,645
619,799,644
620,799,645
621,799,645
622,799,645
623,799,645
624,799,644
625,799,644
626,799,645
627,799,645
628,799,646
629,799,647
630,799,648
631,799,648
632,799,649
633,799,650
634,799,649
635,799,649
636,799,649
637,799,649
638,799,648
639,799,647
640,799,647
641,799,647
642,799,646
643,799,646
644,799,645
645,799,644
646,799,645
647,799,646
648,799,647
649,799,646
650,799,645
651,799,645
652,799,646
653,799,647
654,799,646
655,799,647
656,799,648
657,799,649
658,799,650
659,799,650
700,798,649
701,798,648
702,798,647
703,798,647
704,798,647
705,798,646
706,798,647
707,798,647
708,798,648
709,797,647
710,797,648
711,797,647
712,797,647
713,797,647
714,797,646
715,797,646
716,797,647
717,797,648
718,797,647
719,797,647
720,797,646
721,797,645
722,797,646
723,797,645
724,797,645
725,797,646
726,797,646
727,797,647
728,797,648
729,797,649
730,797,650
731,797,649
732,797,648
733,796,647
734,796,648
735,796,647
736,796,647
737,796,647
738,796,648
739,796,648
740,796,649
741,796,649
742,796,648
743,796,647
744,796,647
745,796,648
746,796,649
747,796,648
748,796,648
749,796,649
750,796,648
751,796,648
752,796,647
753,796,647
754,795,646
755,795,646
756,795,645
757,795,644
758,795,645
759,795,646
800,793,647
801,793,647
802,793,648
803,793,649
804,793,650
805,792,650
806,792,651
807,792,650
808,792,651
809,792,650
810,792,649
811,792,650
812,792,651
813,792,651
814,792,652
815,792,651
816,792,650
817,792,649
818,792,648
819,792,647
820,791,646
821,791,647
822,791,648
823,791,647
824,791,648
825,791,648
826,791,647
827,791,646
828,791,647
829,791,647
830,791,647
831,791,648
832,791,649
833,790,650
834,790,651
835,790,651
836,790,652
837,790,652
838,790,652
839,790,653
840,790,654
841,790,653
842,790,653
843,790,653
844,790,654
845,790,655
846,789,655
847,789,656
848,789,656
849,789,655
850,789,654
851,789,654
852,789,654
853,789,655
854,789,656
855,789,656
856,789,655
857,789,654
858,789,655
859,788,654
900,785,654
901,785,653
902,785,654
903,785,655
904,784,654
905,784,653
906,784,652
907,784,651
908,784,650
909,784,651
910,784,650
911,784,649
912,784,650
913,784,650
914,784,650
915,783,649
916,783,648
917,783,648
918,783,648
919,783,648
920,783,649
921,783,650
922,783,650
923,783,650
924,783,650
925,782,649
926,782,650
927,782,650
928,782,650
929,782,649
930,782,650
931,782,650
932,782,649
933,782,648
934,782,647
935,781,648
936,781,649
937,781,649
938,781,650
939,781,651
940,781,651
941,781,650
942,781,651
943,781,652
944,781,651
945,780,652
946,780,653
947,780,654
948,780,653
949,780,654
950,780,653
951,780,652
952,780,651
953,780,652
954,780,653
955,779,652
956,779,652
957,779,652
958,779,651
959,779,651
1000,775,651
1001,774,650
1002,774,651
1003,774,651
1004,774,650
1005,774,651
1006,774,652
1007,774,652
1008,774,653
1009,773,652
1010,773,652
1011,773,653
1012,773,653
1013,773,654
1014,773,654
1015,773,653
1016,773,652
1017,773,653
1018,772,652
1019,772,651
1020,772,650
1021,772,649
1022,772,648
1023,772,647
1024,772,647
1025,772,647
1026,771,647
1027,771,647
1028,771,646
1029,771,646
1030,771,647
1031,771,646
1032,771,646
1033,771,645
1034,771,644
1035,770,645
1036,770,646
1037,770,645
1038,770,644
1039,770,644
1040,770,645
1041,770,645
1042,770,646
1043,769,647
1044,769,648
1045,769,648
1046,769,649
1047,769,650
1048,769,649
1049,769,648
1050,769,648
1051,769,648
1052,768,649
1053,768,650
1054,768,649
1055,768,650
1056,768,650
1057,768,650
1058,768,651
1059,768,650
1100,762,650
1101,762,650
1102,762,651
1103,762,650
1104,762,650
1105,762,650
1106,762,649
1107,762,649
1108,761,649
1109,761,650
1110,761,650
1111,761,650
1112,761,649
1113,761,650
1114,761,651
1115,761,650
1116,760,649
1117,760,648
1118,760,648
1119,760,648
1120,760,647
1121,760,648
1122,760,649
1123,760,649
1124,759,649
1125,759,649
1126,759,650
1127,759,650
1128,759,650
1129,759,651
1130,759,651
1131,758,650
1132,758,650
1133,758,651
1134,758,650
1135,758,649
1136,758,648
1137,758,647
1138,758,648
1139,757,649
1140,757,649
1141,757,650
1142,757,649
1143,757,649
1144,757,650
1145,757,649
1146,757,649
1147,756,648
1148,756,649
1149,756,648
1150,756,647
1151,756,648
1152,756,648
1153,756,647
1154,756,648
1155,755,649
1156,755,649
1157,755,649
1158,755,650
1159,755,650
1200,750,649
1201,749,648
1202,749,649
1203,749,648
1204,749,649
1205,749,648
1206,749,648
1207,749,648
1208,748,649
1209,748,648
1210,748,648
1211,748,647
1212,748,647
1213,748,646
1214,748,647
1215,748,647
1216,747,648
1217,747,649
1218,747,648
1219,747,648
1220,747,648
1221,747,648
1222,747,647
1223,746,647
1224,746,647
1225,746,646
1226,746,646
1227,746,647
1228,746,648
1229,746,647
1230,746,646
1231,745,645
1232,745,644
1233,745,644
1234,745,643
1235,745,644
1236,745,645
1237,745,646
1238,745,647
1239,744,648
1240,744,649
1241,744,649
1242,744,650
1243,744,651
1244,744,651
1245,744,652
1246,743,652
1247,743,652
1248,743,652
1249,743,653
1250,743,652
1251,743,652
1252,743,653
1253,743,652
1254,742,651
1255,742,652
1256,742,653
1257,742,654
1258,742,654
1259,742,654
1300,737,654
1301,736,653
1302,736,654
1303,736,655
1304,736,655
1305,736,654
1306,736,655
1307,736,655
1308,736,656
1309,735,657
1310,735,657
1311,735,656
1312,735,657
1313,735,658
1314,735,657
1315,735,656
1316,735,657
1317,734,656
1318,734,656
1319,734,656
1320,734,655
1321,734,656
1322,734,657
1323,734,657
1324,734,656
1325,733,656
1326,733,657
1327,733,657
1328,733,658
1329,733,659
1330,733,658
1331,733,657
1332,733,658
1333,732,659
1334,732,658
1335,732,657
1336,732,656
1337,732,655
1338,732,654
1339,732,653
1340,732,653
1341,731,653
1342,731,654
1343,731,654
1344,731,655
1345,731,654
1346,731,654
1347,731,654
1348,731,653
1349,730,653
1350,730,652
1351,730,653
1352,730,653
1353,730,652
1354,730,653
1355,730,653
1356,730,654
1357,730,655
1358,729,656
1359,729,657
1400,725,656
1401,724,657
1402,724,656
1403,724,655
1404,724,655
1405,724,656
1406,724,655
1407,724,655
1408,724,656
1409,723,657
1410,723,656
1411,723,656
1412,723,656
1413,723,656
1414,723,655
1415,723,656
1416,723,657
1417,723,657
1418,722,658
1419,722,657
1420,722,658
1421,722,659
1422,722,660
1423,722,659
1424,722,658
1425,722,659
1426,722,658
1427,722,657
1428,721,657
1429,721,656
1430,721,656
1431,721,657
1432,721,657
1433,721,658
1434,721,658
1435,721,657
1436,721,657
1437,720,657
1438,720,657
1439,720,657
1440,720,657
1441,720,657
1442,720,656
1443,720,656
1444,720,655
1445,720,654
1446,719,655
1447,719,656
1448,719,656
1449,719,657
1450,719,658
1451,719,659
1452,719,659
1453,719,658
1454,719,659
1455,719,659
1456,718,659
1457,718,658
1458,718,657
1459,718,658
1500,714,657
1501,714,656
1502,714,657
1503,714,656
1504,714,657
1505,714,657
1506,714,656
1507,714,656
1508,713,655
1509,713,655
1510,713,654
1511,713,655
1512,713,656
1513,713,657
1514,713,657
1515,713,657
1516,713,657
1517,713,658
1518,713,658
1519,712,658
1520,712,658
1521,712,659
1522,712,658
1523,712,657
1524,712,658
1525,712,657
1526,712,656
1527,712,657
1528,712,658
1529,712,657
1530,711,658
1531,711,657
1532,711,656
1533,711,657
1534,711,657
1535,711,656
1536,711,656
1537,711,656
1538,711,657
1539,711,656
1540,711,655
1541,711,655
1542,710,656
1543,710,655
1544,710,656
1545,710,656
1546,710,655
1547,710,654
1548,710,654
1549,710,655
1550,710,654
1551,710,655
1552,710,655
1553,710,654
1554,710,653
1555,709,654
1556,709,655
1557,709,656
1558,709,656
1559,709,655
1600,706,655
1601,706,654
1602,706,654
1603,706,653
1604,706,654
1605,706,654
1606,706,655
1607,706,654
1608,706,655
1609,706,655
1610,706,655
1611,705,654
1612,705,653
1613,705,654
1614,705,653
1615,705,652
1616,705,652
1617,705,651
1618,705,651
1619,705,652
1620,705,651
1621,705,651
1622,705,650
1623,705,649
1624,705,649
1625,705,649
1626,705,649
1627,705,648
1628,704,647
1629,704,647
1630,704,647
1631,704,646
1632,704,645
1633,704,645
1634,704,645
1635,704,644
1636,704,645
1637,704,644
1638,704,644
1639,704,645
1640,704,646
1641,704,646
1642,704,646
1643,704,646
1644,704,646
1645,704,646
1646,704,647
1647,703,648
1648,703,647
1649,703,647
1650,703,648
1651,703,648
1652,703,647
1653,703,647
1654,703,647
1655,703,648
1656,703,649
1657,703,649
1658,703,649
1659,703,650
1700,701,649
1701,701,650
1702,701,651
1703,701,652
1704,701,651
1705,701,652
1706,701,652
1707,701,652
1708,701,653
1709,701,653
1710,701,652
1711,701,652
1712,701,652
1713,701,653
1714,701,652
1715,701,651
1716,701,651
1717,701,651
1718,701,650
1719,701,650
1720,701,650
1721,701,650
1722,701,649
1723,701,649
1724,700,649
1725,700,648
1726,700,649
1727,700,648
1728,700,647
1729,700,646
1730,700,647
1731,700,647
1732,700,648
1733,700,649
1734,700,650
1735,700,650
1736,700,649
1737,700,650
1738,700,651
1739,700,651
1740,700,652
1741,700,651
1742,700,651
1743,700,652
1744,700,652
1745,700,651
1746,700,650
1747,700,649
1748,700,649
1749,700,648
1750,700,648
1751,700,648
1752,700,648
1753,700,649
1754,700,648
1755,700,647
1756,700,647
1757,700,646
1758,700,647
1759,700,646
1800,700,647
1801,700,648
1802,700,648
1803,700,649
1804,700,649
1805,700,648
1806,700,647
1807,700,648
1808,700,648
1809,700,648
1810,700,648
1811,700,648
1812,700,649
1813,700,650
1814,700,651
1815,700,650
1816,700,651
1817,700,650
1818,700,650
1819,700,651
1820,700,650
1821,700,650
1822,700,650
1823,700,650
1824,700,651
1825,700,650
1826,700,651
1827,700,651
1828,700,652
1829,700,653
1830,700,652
1831,700,653
1832,700,652
1833,700,653
1834,700,653
1835,700,654
1836,700,655
1837,700,655
1838,700,656
1839,700,655
1840,700,654
1841,700,653
1842,700,653
1843,700,653
1844,700,652
1845,700,652
1846,700,653
1847,700,654
1848,700,655
1849,700,654
1850,700,655
1851,700,656
1852,700,656
1853,700,655
1854,700,655
1855,700,654
1856,700,655
1857,700,656
1858,700,657
1859,700,657
1900,701,656
1901,701,655
1902,701,656
1903,701,657
1904,701,658
1905,701,657
1906,701,657
1907,701,657
1908,701,656
1909,702,657
1910,702,658
1911,702,657
1912,702,656
1913,702,657
1914,702,657
1915,702,658
1916,702,658
1917,702,658
1918,702,659
1919,702,660
1920,702,660
1921,702,661
1922,702,661
1923,702,661
1924,702,661
1925,702,662
1926,702,661
1927,702,662
1928,702,661
1929,702,661
1930,702,661
1931,702,660
1932,702,661
1933,703,662
1934,703,661
1935,703,660
1936,703,659
1937,703,658
1938,703,659
1939,703,658
1940,703,658
1941,703,659
1942,703,659
1943,703,658
1944,703,658
1945,703,658
1946,703,657
1947,703,657
1948,703,658
1949,703,657
1950,703,657
1951,703,656
1952,703,657
1953,703,656
1954,704,656
1955,704,657
1956,704,657
1957,704,656
1958,704,657
1959,704,656
2000,706,656
2001,706,657
2002,706,656
2003,706,656
2004,706,655
2005,707,656
2006,707,657
2007,707,657
2008,707,656
2009,707,656
2010,707,655
2011,707,655
2012,707,654
2013,707,655
2014,707,655
2015,707,656
2016,707,656
2017,707,656
2018,707,657
2019,707,657
2020,708,656
2021,708,656
2022,708,657
2023,708,657
2024,708,657
2025,708,658
2026,708,658
2027,708,659
2028,708,658
2029,708,659
2030,708,659
2031,708,658
2032,708,657
2033,709,657
2034,709,658
2035,709,658
2036,709,659
2037,709,658
2038,709,659
2039,709,660
2040,709,660
2041,709,660
2042,709,660
2043,709,661
2044,709,661
2045,709,660
2046,710,661
2047,710,660
2048,710,661
2049,710,661
2050,710,662
2051,710,663
2052,710,664
2053,710,665
2054,710,666
2055,710,665
2056,710,664
2057,710,664
2058,710,665
2059,711,664
2100,714,664
2101,714,664
2102,714,664
2103,714,665
2104,715,664
2105,715,664
2106,715,665
2107,715,664
2108,715,663
2109,715,663
2110,715,664
2111,715,664
2112,715,663
2113,715,663
2114,715,663
2115,716,664
2116,716,663
2117,716,664
2118,716,663
2119,716,663
2120,716,663
2121,716,663
2122,716,662
2123,716,661
2124,716,662
2125,717,661
2126,717,662
2127,717,661
2128,717,661
2129,717,660
2130,717,661
2131,717,661
2132,717,660
2133,717,660
2134,717,659
2135,718,658
2136,718,659
2137,718,660
2138,718,661
2139,718,660
2140,718,659
2141,718,658
2142,718,658
2143,718,658
2144,718,659
2145,719,659
2146,719,660
2147,719,659
2148,719,660
2149,719,660
2150,719,661
2151,719,661
2152,719,662
2153,719,663
2154,719,664
2155,720,663
2156,720,663
2157,720,663
2158,720,662
2159,720,662
2200,725,662
2201,725,663
2202,725,662
2203,725,663
2204,725,662
2205,725,662
2206,725,663
2207,725,663
2208,725,663
2209,726,663
2210,726,662
2211,726,661
2212,726,662
2213,726,663
2214,726,662
2215,726,663
2216,726,663
2217,726,663
2218,727,663
2219,727,662
2220,727,663
2221,727,664
2222,727,663
2223,727,662
2224,727,663
2225,727,662
2226,728,662
2227,728,663
2228,728,664
2229,728,665
2230,728,665
2231,728,664
2232,728,664
2233,728,663
2234,728,662
2235,729,662
2236,729,662
2237,729,662
2238,729,663
2239,729,664
2240,729,665
2241,729,664
2242,729,663
2243,730,664
2244,730,665
2245,730,665
2246,730,664
2247,730,664
2248,730,665
2249,730,665
2250,730,666
2251,730,665
2252,731,664
2253,731,663
2254,731,663
2255,731,663
2256,731,662
2257,731,661
2258,731,661
2259,731,661
2300,737,662
2301,737,663
2302,737,662
2303,737,662
2304,737,663
2305,737,663
2306,737,663
2307,737,664
2308,738,665
2309,738,665
2310,738,664
2311,738,665
2312,738,665
2313,738,664
2314,738,665
2315,738,664
2316,739,665
2317,739,664
2318,739,663
2319,739,662
