4 6 659 599 301 99
4 7 643 599 300 98
3 11 634 600 301 97
3 8 647 600 302 98
3 4 633 600 303 98
2 3 654 601 302 97
3 359 645 600 302 97
3 3 643 600 303 96
2 5 668 599 304 95
3 8 657 599 304 94
3 11 645 600 303 95
2 10 653 601 304 96
2 9 663 601 305 95
1 11 631 602 306 96
0 8 662 602 306 95
1 3 665 602 307 96
2 2 646 602 306 96
3 358 657 603 307 95
3 355 636 604 306 95
3 356 649 603 305 94
3 0 634 603 305 95
4 357 655 602 305 96
3 356 647 602 304 97
3 355 655 603 305 98
4 351 657 602 304 97
5 352 660 601 305 98
6 352 650 600 305 98
5 352 662 599 305 98
6 349 655 600 305 98
7 352 662 600 305 98
6 347 647 600 305 99
7 349 654 600 304 99
7 347 632 599 304 98
6 348 660 599 304 98
7 346 653 598 305 98
7 349 646 599 305 99
7 352 644 600 306 99
6 353 664 600 306 99
6 351 659 599 305 98
7 350 632 598 306 97
7 346 650 599 307 97
6 342 643 598 308 96
6 343 659 597 308 97
7 342 665 596 309 97
6 341 662 596 310 97
7 338 644 597 309 98
6 336 657 598 309 97
6 331 639 598 310 97
7 332 652 597 311 96
6 328 658 596 312 96
5 329 642 597 312 97
5 331 658 597 313 96
6 326 643 598 314 97
6 330 637 597 313 97
6 331 654 598 313 98
7 330 644 597 312 97
8 329 651 596 311 97
9 332 658 596 312 97
8 330 647 596 312 96
7 326 657 596 311 97
7 327 648 596 310 97
7 329 669 595 309 96
6 326 632 595 310 97
5 321 664 596 310 97
6 317 646 596 309 97
7 317 653 596 310 98
6 313 647 597 310 98
7 309 649 596 310 97
6 309 667 596 310 97
5 309 668 597 309 96
4 312 635 597 310 96
3 311 654 598 310 97
3 310 657 598 311 97
3 314 637 599 310 98
3 313 648 600 310 99
4 312 667 599 309 100
3 313 633 599 309 99
3 311 636 598 308 98
4 308 647 598 307 97
4 305 662 599 306 98
5 302 665 598 307 99
4 297 658 599 306 98
4 297 639 600 305 99
3 294 664 600 304 100
4 294 648 601 305 99
3 294 639 602 304 100
4 290 631 603 304 100
5 288 634 604 305 99
5 286 646 603 305 98
5 289 655 604 306 98
4 287 658 605 305 97
3 290 634 606 305 97
3 287 637 607 304 98
4 284 655 606 304 99
5 279 642 605 304 100
4 283 644 604 303 99
3 287 659 603 302 99
4 288 653 602 302 100
4 285 654 603 301 101
3 280 642 604 302 101
2 278 646 603 301 100
3 280 652 604 300 101
3 278 630 604 300 100
2 282 645 603 299 99
1 279 655 603 299 99
1 277 653 603 298 99
1 277 642 603 298 99
0 273 634 604 298 99
0 273 633 604 298 99
1 273 648 603 297 98
2 270 655 602 297 98
2 271 638 602 297 97
1 271 655 602 298 97
1 274 650 602 299 98
2 275 642 603 300 99
3 270 643 603 300 98
2 274 641 604 300 99
3 277 668 603 301 98
3 272 667 602 301 98
3 271 658 601 302 98
3 271 656 600 303 97
2 268 643 599 304 96
2 272 667 598 304 96
3 275 631 597 304 96
3 279 631 598 304 95
4 276 643 597 303 94
5 273 631 597 304 94
6 273 657 598 304 94
6 271 665 598 305 93
6 272 652 599 305 93
5 273 636 600 305 93
6 276 663 599 306 94
7 280 654 598 305 94
6 282 654 599 306 93
7 284 634 598 307 94
8 281 661 597 308 93
9 278 638 597 307 93
10 275 637 596 307 92
9 278 650 595 308 91
8 273 661 594 307 92
9 276 644 594 306 93
9 274 654 594 307 94
10 270 633 594 306 94
9 266 647 593 306 95
9 267 653 592 305 94
10 270 664 591 305 94
11 272 651 592 305 94
12 272 659 592 305 94
12 267 663 592 306 95
13 270 645 592 306 96
14 270 656 591 307 97
15 270 650 591 308 96
16 271 651 590 307 95
17 271 655 590 308 95
18 268 667 589 307 95
19 264 665 589 308 96
19 264 660 589 309 96
18 263 667 590 308 97
19 260 646 589 308 96
20 262 655 588 309 97
21 265 639 587 310 96
22 264 666 586 310 96
22 260 664 586 311 97
23 257 650 586 312 98
23 252 641 585 313 97
23 256 652 584 314 98
22 258 649 584 314 99
21 257 662 585 314 99
20 261 661 584 314 99
21 265 652 585 315 98
21 266 641 585 315 97
20 263 655 584 314 96
21 266 652 583 314 97
20 266 632 583 313 98
20 267 661 584 313 97
19 266 642 584 313 96
18 262 651 583 313 96
19 257 662 583 314 97
20 257 642 582 314 98
19 258 656 583 314 97
19 254 657 584 314 96
19 250 648 584 315 97
18 250 664 584 314 97
18 252 668 584 315 97
17 256 662 585 315 97
17 257 641 585 316 98
17 257 664 586 316 97
18 253 641 586 315 98
19 248 646 585 316 99
18 246 639 584 317 100
18 247 656 584 317 101
19 245 630 584 316 101
18 249 645 584 316 100
17 250 647 585 315 100
16 245 667 584 315 101
16 247 666 584 314 100
17 250 641 584 313 100
16 245 661 585 312 101
15 244 657 586 311 101
15 240 648 585 311 101
15 241 644 585 310 100
14 244 650 584 311 100
15 240 654 584 312 100
15 239 661 584 313 100
16 243 631 583 312 100
15 244 660 584 311 99
15 247 667 583 311 99
14 250 637 582 312 98
13 251 657 581 311 99
13 248 635 581 311 100
14 250 631 580 310 100
13 253 651 579 311 99
14 253 638 580 310 100
15 254 655 580 311 101
15 254 634 580 310 101
15 252 663 581 310 100
14 250 657 581 310 99
15 245 667 582 309 100
15 247 652 582 310 99
16 243 662 581 309 100
15 243 668 581 310 101
15 242 645 582 310 102
15 240 635 581 310 103
14 235 654 580 311 104
13 237 659 581 311 104
14 240 660 581 310 104
13 240 643 582 310 103
14 244 647 583 309 103
15 243 669 582 310 104
16 243 633 581 310 103
16 244 636 580 311 104
17 245 644 580 311 104
16 248 651 581 310 104
17 251 631 581 311 105
18 246 656 581 312 104
18 249 640 582 311 105
17 245 639 581 311 104
16 243 636 580 312 105
17 242 667 579 312 105
17 238 658 579 311 105
18 234 655 578 312 105
18 232 631 577 312 105
17 229 650 578 311 104
16 228 658 577 310 105
16 223 656 578 310 106
15 225 648 578 309 107
16 221 637 578 310 106
15 221 651 579 309 105
14 219 636 579 309 106
13 214 652 578 309 107
14 209 662 577 310 108
14 204 648 578 309 108
13 200 654 578 309 109
13 196 654 579 310 110
12 198 632 580 311 110
13 202 655 580 310 111
14 203 657 581 310 110
15 198 639 582 309 110
15 195 633 581 309 109
14 190 665 582 308 109
14 190 669 581 308 110
13 191 632 581 309 110
14 187 649 580 309 109
15 184 632 581 309 108
15 184 658 581 310 107
16 185 652 580 311 107
17 184 657 579 312 107
18 182 640 579 312 106
19 180 659 578 311 105
19 179 663 579 311 106
18 183 638 579 312 106
19 184 648 580 313 107
18 179 661 580 312 108
19 182 634 581 313 109
19 177 636 581 313 108
18 172 647 582 313 107
18 174 662 581 313 106
19 169 661 580 314 106
18 164 659 581 314 107
19 167 656 582 315 107
19 162 632 583 314 107
18 157 667 582 315 106
17 157 662 581 314 106
18 160 631 581 315 107
18 156 636 582 316 108
19 156 643 581 317 109
18 158 656 582 318 108
18 153 649 582 319 108
17 155 647 581 319 109
18 159 634 581 318 110
17 160 630 580 318 110
16 157 664 581 319 110
15 159 641 581 320 109
16 158 650 580 320 109
16 157 648 579 320 108
15 160 630 579 320 108
14 156 665 579 319 107
15 158 655 579 320 106
14 154 632 580 311 107
14 151 646 581 312 107
14 153 667 582 313 106
15 148 661 583 312 105
15 144 634 583 311 106
14 141 647 582 312 105
14 141 652 581 312 105
14 142 644 581 312 104
14 137 635 581 312 103
14 135 641 580 313 102
15 135 633 580 312 103
14 138 645 581 312 103
13 138 643 581 311 104
12 139 654 582 310 103
11 140 643 583 310 102
12 136 650 584 309 101
13 132 652 584 310 101
13 135 659 583 311 102
13 134 646 583 311 103
13 138 666 584 311 102
14 137 657 585 310 103
13 132 661 584 310 104
13 134 646 583 310 105
13 136 668 584 309 106
13 137 656 584 308 106
14 132 653 584 307 107
14 128 641 585 307 107
15 127 648 586 308 106
14 123 641 586 307 105
15 119 637 586 307 105
16 117 649 586 308 104
16 114 634 587 309 105
15 109 646 587 308 105
15 107 641 587 309 106
15 109 632 588 309 105
16 112 654 589 309 106
15 114 665 590 309 106
16 114 639 590 310 107
15 110 666 590 309 106
14 109 669 590 308 105
15 105 657 591 307 106
16 100 648 592 308 105
17 96 647 592 307 104
17 99 648 592 306 105
17 98 638 593 306 105
18 100 645 593 306 105
17 103 647 592 306 105
17 98 664 593 305 106
18 101 640 594 306 106
17 101 652 594 306 106
17 98 668 594 307 106
17 98 669 594 307 106
18 93 645 594 308 106
19 88 649 595 307 105
19 88 652 594 308 104
18 84 669 595 309 105
19 85 633 596 310 106
19 84 662 596 311 106
20 87 638 597 312 106
19 82 648 598 313 106
18 78 653 598 312 106
17 76 653 599 311 106
18 72 633 599 312 107
19 72 651 599 311 106
19 69 641 600 312 106
18 65 640 601 312 107
19 63 632 602 312 108
20 63 643 603 313 107
20 64 658 602 312 108
20 68 640 601 312 108
19 67 641 602 313 107
19 68 638 602 314 107
20 67 645 601 314 106
20 69 636 602 313 105
19 68 665 602 313 105
19 64 662 602 314 105
19 64 666 602 313 105
18 68 638 601 314 106
17 72 634 600 315 106
17 75 646 600 314 106
18 79 659 601 315 106
19 74 666 602 316 107
18 71 663 602 316 108
17 68 659 603 316 109
17 71 635 604 317 108
18 69 655 603 317 107
19 72 635 604 316 106
20 74 637 605 316 105
19 74 656 604 317 105
20 70 645 603 318 106
19 72 654 603 319 107
19 68 636 604 320 108
20 69 658 605 320 107
21 64 662 604 311 108
21 67 648 604 310 109
22 66 652 604 309 109
22 69 650 605 309 109
23 71 653 606 308 108
22 67 669 606 308 107
23 66 642 606 307 107
22 61 661 606 308 107
22 61 659 605 308 107
22 57 632 605 307 107
22 61 637 606 308 108
22 60 663 607 308 108
22 56 653 607 307 107
23 51 648 608 307 108
23 54 639 609 308 109
24 54 633 608 308 108
23 54 640 608 307 107
24 50 638 609 307 108
24 50 642 609 307 109
23 54 643 609 306 110
23 56 630 608 307 111
22 58 637 608 308 110
22 62 660 609 307 109
22 66 635 609 308 109
23 69 654 608 309 108
24 72 658 609 310 108
0 75 644 610 311 107
1 78 637 609 312 108
0 75 649 608 312 109
1 71 667 609 312 109
2 74 651 609 312 109
1 77 666 609 311 110
0 72 640 608 310 111
1 73 632 609 310 110
0 70 660 609 309 111
0 68 666 608 309 112
1 69 655 609 310 112
2 72 661 610 309 113
1 76 653 610 308 114
1 73 642 610 307 113
0 75 638 609 306 113
1 77 662 610 307 112
0 80 652 609 308 113
1 82 655 610 309 112
0 82 668 610 308 113
1 79 651 611 308 113
2 83 635 610 308 113
1 80 665 609 308 112
2 79 658 608 308 111
1 77 642 608 309 112
0 78 662 609 308 112
1 76 666 609 308 111
2 76 630 608 307 111
3 75 648 608 306 110
2 76 632 607 305 109
1 77 645 607 306 110
0 75 630 607 305 111
1 70 649 608 305 112
1 69 650 607 305 112
2 67 648 608 305 113
2 65 634 609 305 112
3 60 667 609 304 112
3 59 669 608 305 111
2 58 635 608 306 111
2 55 651 608 305 110
3 57 648 609 305 111
4 59 667 610 306 112
3 63 656 611 305 112
4 65 655 610 305 111
3 62 658 611 306 110
3 64 666 611 306 111
3 66 657 612 305 110
3 68 651 611 306 109
3 69 653 611 307 110
4 71 666 610 306 111
5 71 661 609 307 110
4 74 639 610 306 109
5 76 641 611 307 108
4 74 643 610 306 108
4 73 668 610 307 109
5 71 654 611 308 108
6 74 646 612 307 108
5 77 648 613 308 108
5 80 655 612 307 108
4 76 652 613 306 108
5 75 631 614 305 108
4 72 639 614 306 109
5 75 641 613 305 108
4 75 655 614 304 108
3 75 632 614 305 109
2 73 655 614 306 108
3 73 650 615 306 109
2 71 664 614 305 110
1 75 632 614 305 110
2 78 650 615 305 111
2 74 639 614 306 112
3 77 639 615 306 112
3 78 640 614 306 113
4 79 649 613 307 112
5 80 667 614 307 112
6 79 643 615 307 111
7 83 643 615 307 110
8 83 635 614 308 111
9 84 650 614 309 111
8 85 648 614 310 110
8 87 637 613 310 110
8 87 655 613 310 110
9 85 642 612 311 109
9 85 656 612 312 110
8 87 660 612 312 109
9 89 669 613 313 110
10 86 649 614 312 111
11 88 635 615 311 112
10 84 642 614 310 112
9 84 634 615 309 113
9 81 658 614 309 114
9 84 647 614 310 115
9 82 666 614 311 116
8 79 650 615 311 116
8 83 648 615 312 115
8 81 649 616 313 114
7 77 663 616 313 115
7 77 652 615 312 115
6 76 665 616 311 115
5 74 659 616 311 114
6 70 665 616 312 114
5 65 634 617 311 115
5 60 653 618 312 114
5 58 653 617 313 114
6 55 641 617 313 113
5 57 662 616 314 113
5 52 653 616 313 113
5 51 660 617 313 112
6 48 648 616 312 112
5 44 647 616 311 111
4 41 646 617 310 112
4 41 655 617 310 111
3 37 668 617 311 110
4 32 659 618 311 110
5 30 668 618 310 111
6 33 645 619 309 112
7 37 635 620 310 112
8 40 643 621 309 112
9 37 648 622 309 112
10 39 641 622 309 113
9 37 663 623 309 113
8 32 667 623 309 113
8 29 659 623 309 114
8 33 647 624 309 115
8 31 641 623 308 115
9 33 655 624 308 116
8 35 640 624 309 115
7 39 669 625 308 116
8 39 639 626 309 117
7 38 648 627 308 118
6 33 631 626 307 119
5 33 651 627 306 120
6 32 638 627 305 121
7 34 653 627 305 121
8 35 669 628 305 122
7 34 660 629 305 122
7 33 649 629 305 121
6 28 635 629 305 121
5 23 661 628 305 122
6 18 643 627 305 121
5 22 665 628 304 120
6 19 646 627 305 119
5 17 667 626 305 118
5 21 663 625 306 118
6 24 643 624 306 117
7 27 638 624 305 118
8 22 661 623 305 117
9 17 640 624 305 117
9 16 646 623 306 117
10 16 644 624 306 117
10 11 665 625 307 116
11 13 656 624 306 116
12 12 651 623 306 117
11 9 643 622 305 117
12 5 634 621 304 118
13 8 636 621 303 118
12 4 644 622 302 119
13 7 664 621 302 120
13 10 643 621 303 120
12 9 665 621 303 119
12 8 662 621 302 118
12 10 666 622 302 117
11 10 666 623 301 118
11 7 632 622 300 118
11 5 640 621 301 119
12 4 659 621 302 119
11 8 631 622 302 118
12 12 635 623 302 119
11 10 649 622 303 120
10 9 654 622 302 119
11 4 652 622 302 120
12 2 655 621 303 119
12 357 630 622 303 119
12 359 656 622 302 119
11 356 659 622 301 120
12 0 656 623 302 119
13 2 651 624 302 118
12 4 632 624 302 118
11 5 667 624 301 117
10 2 648 625 301 116
11 4 638 625 300 115
10 359 664 625 300 115
11 0 660 625 300 116
12 1 641 625 299 116
11 3 648 626 300 117
12 0 650 627 300 117
12 1 631 626 301 116
11 358 654 627 300 117
10 0 659 628 301 117
9 356 652 628 300 116
8 352 648 628 301 115
9 356 639 629 301 115
10 0 646 629 302 115
11 1 644 629 301 116
10 358 636 629 300 117
9 359 643 628 300 117
8 2 661 629 299 118
9 2 637 629 299 117
8 3 668 628 299 116
8 7 660 629 300 117
8 4 666 628 300 117
8 7 633 628 299 117
9 11 664 627 299 116
10 15 639 628 299 115
9 11 632 628 299 116
10 15 654 628 299 115
9 10 645 629 298 115
10 12 658 630 298 116
10 16 642 629 299 115
11 19 666 629 299 114
11 17 648 629 298 114
11 16 653 630 299 114
11 17 665 631 298 113
10 16 647 631 297 114
9 11 657 632 296 114
9 13 634 631 295 115
8 11 644 631 295 114
8 11 648 630 296 114
8 7 650 630 296 114
8 10 662 629 296 115
7 11 655 630 295 115
7 15 658 631 295 114
7 12 631 630 295 115
6 12 654 631 296 114
5 8 653 632 296 114
5 10 669 631 296 113
6 9 644 630 296 113
6 11 635 629 296 112
5 9 654 630 296 113
4 13 650 629 297 112
5 16 666 628 296 113
4 12 646 629 295 114
4 16 635 630 294 115
5 16 651 630 294 116
4 12 642 631 293 116
5 8 653 632 293 117
6 5 669 633 292 117
5 7 630 632 293 116
6 10 633 632 293 117
5 11 646 631 294 117
4 9 658 632 293 118
4 8 658 632 293 119
4 3 635 632 292 119
5 3 663 633 293 118
6 2 641 634 294 119
5 1 649 635 294 120
6 3 665 634 295 120
5 358 661 635 295 120
4 359 665 634 296 119
3 359 661 634 297 119
2 355 668 633 296 118
2 354 658 632 295 119
3 357 654 632 294 120
4 353 652 633 294 120
5 350 632 633 295 121
5 354 662 634 295 122
4 355 637 635 295 121
4 359 653 635 296 122
3 0 658 635 297 121
4 358 639 636 296 121
5 357 668 635 296 120
5 353 649 635 297 120
4 350 666 636 297 120
3 347 658 636 296 120
3 344 644 635 295 119
2 343 660 635 294 118
3 343 659 634 294 118
2 346 664 635 293 117
3 349 631 635 294 117
3 351 642 636 294 116
4 350 663 636 293 116
5 352 650 635 294 115
5 347 634 634 294 115
5 350 658 634 293 114
5 347 636 635 293 115
4 348 631 635 293 116
3 345 636 636 292 115
3 348 646 636 293 115
3 344 667 636 294 114
3 339 633 635 293 115
4 339 638 634 294 116
4 339 658 633 293 116
5 341 635 632 294 116
6 341 668 632 295 116
5 341 642 632 294 117
5 336 650 631 295 117
6 334 659 631 295 118
7 334 647 631 295 117
6 338 637 630 295 118
7 339 653 629 294 117
6 335 654 629 293 118
6 334 633 630 292 118
5 333 638 631 292 117
5 332 660 630 291 116
4 327 637 629 291 117
4 325 638 628 290 117
5 321 661 629 290 118
4 317 652 629 289 117
3 319 650 629 288 117
2 318 633 630 289 116
1 318 653 631 290 115
1 315 632 632 291 116
0 313 663 633 291 115
1 309 640 633 291 115
2 308 642 634 291 114
3 304 641 633 291 114
2 299 643 634 291 113
1 298 643 634 291 113
0 297 644 633 290 112
1 301 647 633 291 113
1 302 662 633 292 113
2 299 661 634 293 114
2 299 651 635 294 115
2 300 662 636 295 115
3 296 665 637 294 116
4 293 651 636 294 115
4 292 634 637 294 116
4 296 658 637 295 117
5 293 632 637 294 116
4 294 657 636 293 116
4 292 669 635 293 115
5 291 643 635 293 116
6 291 656 635 292 116
6 290 632 636 291 115
6 293 636 636 290 115
7 295 658 637 289 114
8 293 666 636 289 115
9 288 659 635 289 116
9 284 646 634 290 115
8 282 651 634 289 115
8 286 662 634 290 115
7 288 638 633 289 114
7 288 646 634 290 115
7 288 666 635 289 116
8 283 657 636 288 115
8 285 654 637 288 115
7 284 650 636 288 114
8 281 631 637 289 114
8 281 641 638 290 114
8 276 661 637 291 114
8 271 664 638 292 113
7 272 651 637 291 113
7 268 636 637 291 114
6 271 659 636 290 115
6 273 664 637 289 115
6 270 648 638 288 116
7 266 653 637 289 117
7 261 654 636 290 118
8 264 630 637 290 118
9 259 637 637 290 117
9 263 655 636 291 117
9 265 644 637 292 116
9 264 669 636 292 117
8 264 657 636 292 117
8 266 641 636 292 118
7 264 644 636 293 119
6 266 662 635 292 120
7 269 660 634 293 121
7 268 657 633 294 120
6 271 650 634 294 119
7 274 631 633 294 119
6 270 657 633 293 118
7 274 665 633 292 119
7 270 640 633 292 120
7 270 668 634 291 120
7 267 631 634 290 121
6 267 630 635 290 120
6 265 638 634 289 119
5 261 643 635 288 118
5 259 660 634 287 118
5 263 636 633 286 119
5 262 667 634 285 120
5 264 632 635 286 121
5 259 665 634 286 121
5 258 644 635 287 121
6 258 666 635 288 120
5 257 630 635 288 120
4 253 666 634 289 121
3 253 655 633 288 120
2 250 655 632 289 121
2 245 630 633 288 120
2 249 644 633 289 120
2 246 665 634 290 121
3 244 632 633 291 120
2 246 630 632 292 120
1 242 669 632 292 121
0 241 639 633 293 120
0 243 638 633 293 119
1 238 660 632 292 119
2 239 664 633 292 119
3 235 650 632 291 120
2 234 649 633 290 119
2 234 640 634 290 118
2 231 655 634 289 119
2 235 634 633 290 118
1 234 632 633 290 118
0 234 655 634 290 117
1 231 663 635 290 117
1 226 669 634 291 118
2 229 631 635 292 117
2 228 667 634 292 117
1 227 664 634 291 118
2 227 638 634 290 119
1 231 647 633 291 118
1 231 636 634 291 118
1 232 667 633 292 119
1 234 662 634 293 118
1 229 667 634 293 118
0 226 651 634 294 119
0 224 667 635 293 119
0 226 663 636 293 120
1 223 654 636 293 120
0 227 666 635 293 121
1 231 645 636 292 122
1 231 637 636 292 123
1 232 646 637 293 124
0 228 654 637 294 123
0 231 657 636 293 122
1 228 660 637 294 122
0 228 636 637 294 121
1 227 638 638 295 121
1 226 631 637 295 121
1 229 637 637 294 121
0 232 642 636 294 121
1 230 634 636 295 121
1 230 635 636 294 120
2 225 642 635 294 120
1 224 660 635 295 120
2 228 661 635 294 119
3 231 658 636 295 119
3 233 653 637 296 120
3 231 665 637 295 119
4 228 636 636 294 118
4 229 652 636 293 119
5 232 662 637 294 120
5 233 664 636 294 121
5 230 661 636 293 122
6 225 648 635 294 122
6 226 642 636 293 123
6 225 660 637 294 122
6 220 649 637 294 123
5 215 635 636 295 123
6 215 637 637 296 122
5 213 649 636 297 123
4 211 651 635 297 124
4 212 642 635 298 124
3 209 634 635 298 124
3 211 653 635 297 125
4 207 655 635 298 125
3 203 636 634 297 125
3 202 663 633 296 126
4 198 664 632 295 126
3 194 652 633 294 127
3 192 642 634 294 127
2 188 634 635 295 126
3 188 644 636 296 125
2 191 643 636 295 125
1 188 663 637 296 125
2 187 639 638 295 126
1 186 646 639 296 126
0 182 663 638 295 126
1 182 657 639 295 127
0 177 648 640 294 128
0 172 660 640 294 127
0 168 660 639 293 127
1 168 646 640 292 128
2 166 659 639 292 127
3 170 662 640 292 126
4 166 649 641 291 127
4 165 632 642 290 128
5 161 657 643 290 127
5 164 647 644 289 128
4 166 654 645 289 127
3 165 634 644 289 128
4 164 634 645 289 127
5 161 641 646 288 128
6 163 639 647 289 129
6 167 634 647 288 128
6 163 634 648 287 128
5 163 644 648 286 127
6 164 640 647 285 128
5 164 638 647 284 129
4 164 656 648 283 129
3 159 632 649 283 128
4 155 647 649 284 128
3 151 655 649 283 128
3 153 642 649 282 129
3 154 647 650 282 130
4 150 637 649 283 129
4 149 658 649 282 129
3 147 650 650 282 130
2 146 669 650 281 129
3 144 638 650 280 128
4 141 666 651 281 129
4 145 645 650 282 130
3 142 633 651 283 130
4 142 653 652 283 130
3 141 632 652 283 130
2 137 663 653 282 129
3 133 642 653 283 129
4 131 658 653 283 129
3 126 643 653 282 130
2 122 657 654 282 131
3 121 634 654 282 132
2 122 660 653 281 132
3 123 649 653 280 133
4 126 652 653 280 134
5 126 647 652 280 133
5 127 656 651 281 132
5 124 653 650 282 132
6 124 652 649 282 132
7 127 661 650 282 131
7 126 640 651 282 130
6 127 647 652 282 130
5 122 663 652 281 130
6 122 630 653 282 129
5 124 653 654 281 128
6 122 640 653 281 129
5 122 643 652 281 129
6 117 651 651 281 129
5 119 639 652 282 130
6 116 652 651 283 131
7 115 644 650 283 131
8 113 657 649 284 130
8 112 664 648 283 130
7 108 631 647 283 129
6 106 668 647 283 129
7 103 662 646 284 128
8 107 630 646 284 129
7 107 664 647 284 130
7 102 658 647 283 130
7 102 666 647 282 129
7 102 630 648 283 129
8 100 634 647 284 130
8 101 652 647 283 129
9 101 655 647 283 130
8 103 634 648 284 131
9 106 630 647 284 131
8 103 653 647 283 131
9 103 665 647 282 131
8 103 636 646 283 130
8 107 651 645 283 130
8 107 632 644 283 131
7 109 639 645 283 131
7 106 665 646 282 132
6 102 631 646 282 133
6 97 644 645 281 132
6 94 649 644 281 133
7 98 632 645 281 133
6 99 668 645 281 133
5 101 631 644 282 132
6 104 665 643 282 133
5 100 665 642 283 134
6 103 645 643 282 133
7 104 636 642 282 133
6 107 658 643 281 132
7 110 639 643 282 132
7 114 646 642 281 132
6 109 669 641 280 132
5 107 637 642 281 132
5 103 663 641 281 131
5 100 664 641 280 130
6 96 650 640 281 130
7 93 647 640 281 131
8 96 655 639 282 130
7 96 643 638 283 131
6 99 657 637 282 132
5 98 637 637 283 133
5 94 664 636 284 132
4 95 635 635 284 132
5 99 636 634 284 131
4 97 665 633 284 131
4 99 669 633 285 131
5 99 660 633 284 132
4 101 631 633 283 132
5 101 650 632 284 132
6 99 634 631 283 133
7 101 639 632 282 134
6 105 655 632 281 133
5 102 641 632 281 133
5 104 655 633 281 133
6 103 667 634 280 133
6 98 653 635 279 133
6 99 655 635 280 132
7 101 667 636 280 131
8 97 637 636 279 130
7 94 649 636 279 130
7 92 665 636 279 131
8 96 658 636 278 132
9 100 665 637 277 133
8 95 665 637 278 134
7 97 636 636 279 134
8 101 632 637 279 135
9 96 647 638 278 136
10 92 656 637 277 135
10 90 634 636 278 135
9 94 668 635 277 134
8 96 656 635 278 133
8 99 656 635 277 134
7 98 660 636 276 135
8 100 630 635 277 134
9 100 663 635 278 133
10 98 641 634 277 133
10 98 654 634 276 132
11 101 634 635 276 132
10 101 665 634 277 131
10 98 639 634 277 130
10 94 663 634 276 130
11 94 668 634 275 129
12 94 645 634 276 130
12 95 649 635 276 129
11 96 662 635 276 130
11 91 650 636 275 130
11 91 669 635 276 130
10 89 653 635 276 131
9 87 655 635 277 130
8 88 669 636 276 131
8 91 636 636 277 132
9 91 645 635 277 131
9 91 636 636 278 132
8 88 633 637 278 132
7 88 655 637 279 132
7 85 646 637 278 133
7 85 661 637 278 134
7 80 657 638 279 134
7 79 645 638 278 135
8 78 637 637 279 136
9 77 658 638 278 137
10 72 661 637 277 138
9 74 647 636 276 139
9 75 633 636 276 139
8 79 636 636 276 140
7 81 669 636 276 141
6 79 633 637 275 140
7 75 644 638 274 139
7 72 648 637 273 139
7 67 659 637 272 138
6 62 632 638 272 139
7 60 642 639 273 140
6 59 668 638 273 141
6 61 645 637 272 140
7 61 651 637 271 139
7 64 656 638 270 138
8 65 640 637 271 137
9 67 657 636 272 137
9 67 667 635 272 138
9 71 655 636 273 139
10 66 639 635 274 138
9 64 656 636 274 138
10 66 659 636 273 139
9 61 639 637 272 140
10 59 661 638 271 139
10 57 668 638 271 139
9 56 640 638 270 140
10 55 638 639 270 141
10 54 647 639 271 141
11 54 643 639 271 140
10 54 650 639 272 140
9 56 631 638 273 140
9 51 630 637 273 140
10 51 634 638 272 139
10 50 650 637 273 139
9 49 636 637 274 139
9 48 669 636 273 139
10 43 635 636 274 138
9 42 667 636 275 138
10 37 653 635 275 139
9 40 647 636 276 138
8 39 656 637 276 139
7 35 659 636 275 140
7 31 630 637 276 140
8 33 658 638 276 140
8 34 654 639 275 140
7 33 664 638 275 140
7 29 646 637 276 139
8 25 640 638 277 138
7 28 668 638 277 139
7 27 651 637 276 139
6 28 651 636 277 138
6 32 657 635 276 138
6 33 666 635 277 138
6 37 640 636 277 138
5 39 656 635 277 137
5 35 642 634 276 138
6 30 643 633 275 139
5 28 652 634 274 139
6 27 631 633 275 139
6 22 650 634 275 139
7 23 660 634 276 139
6 22 663 634 276 140
5 18 664 634 276 140
4 17 656 634 275 139
4 18 635 633 275 140
5 15 632 632 274 139
6 10 641 631 275 138
5 13 631 631 276 139
6 13 642 632 276 138
5 14 645 632 276 139
6 9 652 631 275 138
6 5 651 630 274 138
5 0 634 629 274 137
6 355 665 629 273 136
6 352 637 630 273 135
6 351 650 629 272 135
7 355 648 630 271 136
8 351 667 629 270 137
8 348 658 629 271 137
8 346 644 628 270 137
8 345 636 628 269 136
9 346 654 628 268 135
8 346 657 628 267 134
9 348 652 627 266 133
9 348 653 626 265 134
8 351 669 627 265 133
7 355 662 628 265 132
8 354 669 627 265 131
7 352 655 627 265 131
7 348 644 627 266 131
7 346 651 626 265 131
6 342 630 627 264 132
7 343 662 626 265 131
8 343 642 625 266 132
9 338 663 625 265 133
8 341 663 625 266 134
8 336 633 625 266 135
9 338 649 624 267 134
10 341 664 623 268 135
11 345 643 623 268 135
11 343 656 623 268 134
10 347 653 623 267 135
11 348 657 622 268 136
12 350 637 623 268 137
11 350 639 622 267 137
12 347 641 621 268 138
11 347 638 622 267 138
11 345 651 623 268 137
11 349 634 623 268 136
10 353 654 624 269 137
11 350 643 624 268 137
12 353 654 623 268 138
12 354 663 624 267 137
12 349 669 625 267 137
13 351 634 624 267 136
14 353 656 623 266 135
13 353 664 624 266 136
12 348 649 625 266 137
12 350 634 626 266 138
12 354 637 625 265 137
11 355 662 625 264 137
12 355 638 624 263 136
12 354 665 624 262 135
13 355 668 623 262 135
13 352 648 624 263 134
13 348 669 625 263 134
12 348 660 625 262 135
11 344 644 626 263 134
12 342 634 626 262 133
12 340 654 626 261 132
13 340 666 625 262 133
14 338 655 626 263 132
15 336 639 625 262 132
14 333 636 625 263 132
13 335 669 625 264 131
13 332 667 626 263 132
12 334 657 625 263 131
12 337 645 626 263 132
11 339 641 626 264 132
11 337 653 627 265 131
10 332 652 626 265 131
11 336 665 625 265 130
12 339 643 626 266 129
13 342 637 625 267 128
12 346 655 626 267 129
13 349 639 627 267 129
13 350 636 627 268 128
14 345 661 627 267 129
14 340 643 628 266 130
15 344 635 628 265 130
16 342 669 628 265 129
15 338 666 628 265 129
15 341 658 627 265 129
16 345 660 627 264 130
15 345 649 627 265 131
14 341 666 628 266 131
13 337 650 627 266 132
14 337 662 627 265 131
15 338 663 626 265 130
14 337 661 627 265 131
15 332 656 627 264 131
16 327 653 626 265 130
16 329 653 625 266 129
17 328 645 625 266 128
18 331 654 626 266 129
19 333 651 625 266 129
19 332 663 625 267 128
20 332 655 626 267 129
20 333 638 626 266 130
21 333 669 625 265 130
22 331 654 624 265 131
22 332 632 624 266 131
22 327 646 625 265 131
23 327 634 626 265 132
23 327 658 626 264 133
22 325 633 626 263 134
22 329 642 626 262 135
21 326 636 626 263 135
20 330 665 625 262 135
21 332 659 625 262 134
21 333 646 626 262 134
20 335 654 626 261 135
21 334 662 627 262 134
20 334 636 628 263 135
21 334 642 628 264 134
22 333 652 628 263 133
22 333 635 628 262 132
21 328 658 629 261 131
21 328 636 629 261 130
20 326 631 629 260 130
20 330 640 629 260 129
21 327 651 630 261 130
22 324 642 629 261 129
21 325 663 629 260 128
20 326 651 628 261 129
20 326 660 628 260 128
19 329 637 627 260 127
19 326 656 628 259 127
20 321 630 629 260 128
21 318 639 629 261 128
21 318 664 629 261 127
22 315 639 630 260 128
23 314 669 629 261 128
22 317 644 628 262 128
23 321 648 627 263 128
22 320 634 628 262 127
22 324 638 627 261 126
21 328 642 628 262 125
20 330 658 627 263 125
21 326 644 628 262 124
22 323 640 629 263 123
23 322 667 629 262 122
24 323 633 630 263 122
0 326 655 630 263 121
1 330 668 630 263 121
2 334 636 631 264 122
3 334 654 632 264 122
3 332 664 633 265 121
3 330 656 634 264 122
4 325 666 633 265 122
5 329 662 634 264 122
4 324 631 635 264 123
3 323 631 636 263 122
2 318 631 637 263 123
2 318 664 637 264 123
3 315 661 638 265 124
3 313 659 637 265 124
4 311 644 636 264 124
5 313 652 637 265 124
4 310 645 638 265 125
4 312 636 638 266 124
3 310 669 639 267 124
2 306 662 640 268 123
1 306 660 641 269 122
0 305 655 641 268 122
0 305 665 642 268 123
0 304 634 642 268 124
1 306 634 643 269 123
0 306 664 643 268 123
0 306 640 643 267 123
0 309 654 642 268 123
0 307 655 642 267 123
1 303 657 641 267 123
1 302 643 641 267 124
2 300 636 641 266 125
3 303 655 641 266 124
4 303 657 642 265 125
4 300 664 642 266 125
3 296 654 643 267 126
4 291 639 644 266 126
5 288 654 644 265 127
5 283 660 644 266 127
6 278 656 643 267 126
5 273 662 643 266 125
5 277 669 643 267 125
4 272 632 642 267 124
3 275 642 642 268 124
4 277 630 642 267 124
3 280 661 643 267 125
3 283 637 642 267 125
2 282 644 643 267 126
2 282 633 644 268 127
2 285 656 645 267 126
3 283 648 644 268 125
2 283 648 645 268 124
3 282 645 645 269 125
2 281 642 645 270 126
3 283 640 645 271 126
4 279 652 645 272 127
3 280 664 646 272 126
3 279 633 646 273 127
2 276 643 646 274 127
3 275 654 646 274 128
4 277 645 646 275 129
5 276 660 647 275 130
5 275 653 647 275 129
5 276 639 647 275 129
5 276 638 648 275 130
6 273 660 647 276 130
7 269 642 646 275 129
8 273 666 647 275 129
8 274 641 648 275 129
7 277 631 648 274 129
6 275 655 648 273 128
7 270 650 647 272 129
6 270 660 646 272 130
5 271 640 646 271 130
6 269 662 646 271 131
5 268 664 646 271 130
6 272 666 645 271 131
7 276 657 645 271 131
8 278 663 645 270 131
7 280 643 645 270 131
8 284 636 646 269 131
8 281 642 646 269 131
8 281 640 645 269 132
8 282 630 645 269 131
9 281 640 644 269 131
10 285 640 643 268 130
11 281 647 642 268 129
12 283 663 643 268 130
13 278 638 643 269 131
14 273 664 642 269 130
14 268 667 643 268 131
15 263 667 644 267 131
14 265 647 643 266 132
15 269 641 644 266 132
15 264 648 643 267 133
15 265 659 643 266 132
16 260 661 642 267 133
15 256 638 641 266 132
15 254 648 640 265 133
14 252 642 639 265 134
15 255 654 639 266 133
15 254 657 640 265 132
15 253 635 640 265 133
16 250 637 639 266 134
16 248 634 640 266 134
15 250 658 640 265 134
16 249 665 639 265 135
15 250 634 638 266 136
16 254 665 639 265 135
15 257 631 638 266 136
16 259 659 637 265 136
15 254 659 637 265 137
14 257 646 636 264 138
13 252 635 636 263 137
13 247 646 635 262 137
14 246 665 634 263 137
14 246 631 634 264 137
15 248 656 634 263 137
16 250 632 633 262 137
17 245 665 632 262 138
17 246 635 633 262 137
16 247 636 632 262 137
17 250 649 631 262 137
16 246 651 630 261 138
15 248 659 630 260 137
14 245 640 629 260 136
15 241 668 630 259 137
14 245 654 630 260 137
13 245 643 630 261 136
12 247 669 630 260 137
13 242 660 630 261 138
13 238 630 629 262 138
14 234 631 629 261 137
15 236 654 628 262 136
16 236 648 628 261 136
15 231 640 628 261 136
14 230 654 628 262 136
15 233 650 627 261 135
16 235 649 628 260 135
16 233 649 627 261 135
17 232 651 626 261 135
17 232 640 627 262 136
16 232 655 628 261 135
17 236 658 628 262 135
18 235 647 627 262 135
18 238 649 628 261 134
19 236 640 629 260 133
19 237 647 629 260 132
20 232 665 629 261 133
21 234 666 630 262 133
20 236 633 631 262 132
19 240 652 632 262 132
19 236 639 631 262 131
19 240 647 632 263 132
18 236 644 632 264 131
17 233 663 633 263 130
16 236 667 633 262 130
16 240 642 634 262 130
16 241 649 633 263 130
17 238 666 633 264 130
16 236 647 634 263 130
15 240 666 635 263 129
14 236 669 634 262 129
15 236 639 633 262 128
15 239 650 632 263 128
14 243 637 632 263 129
13 247 663 631 264 129
13 242 666 632 264 128
13 245 666 631 263 128
13 246 656 632 263 128
12 246 646 631 264 128
13 248 667 631 264 129
12 250 632 632 263 128
11 249 650 633 262 128
10 253 669 634 263 127
11 248 642 635 262 128
11 247 639 635 262 128
11 249 661 635 262 129
10 251 655 636 263 130
11 251 642 635 263 129
12 253 654 634 263 130
13 254 630 635 264 129
14 249 668 635 263 129
14 252 647 636 264 129
13 249 650 637 265 129
13 246 632 636 264 130
14 247 651 637 264 129
14 248 648 636 265 130
13 246 646 637 266 131
12 241 637 636 266 130
12 236 647 636 267 131
13 235 630 637 268 131
13 233 659 638 269 130
12 230 638 639 270 129
12 232 667 640 269 128
12 233 636 640 268 127
12 237 641 640 268 126
13 233 646 640 269 127
13 237 662 641 268 127
14 232 637 640 268 127
14 232 636 641 269 126
14 234 652 641 268 125
14 236 664 642 269 124
13 234 642 643 268 123
14 229 664 644 269 123
13 226 663 643 268 123
12 227 651 643 267 123
11 230 658 642 266 122
12 229 647 643 266 123
11 224 656 643 266 122
12 221 644 642 267 122
12 222 648 643 268 121
13 217 662 642 269 121
14 212 668 643 269 121
15 209 640 642 270 121
14 209 658 641 269 120
13 205 668 640 269 119
12 206 631 641 269 118
12 210 632 641 269 117
11 214 653 642 268 116
10 216 636 642 269 116
9 219 643 641 268 116
10 218 638 642 269 115
9 221 650 643 268 116
10 225 638 642 267 116
10 222 648 641 268 115
10 225 646 640 267 115
11 222 644 641 268 116
10 220 634 641 268 116
11 221 650 642 267 115
10 220 639 643 267 114
11 218 640 642 268 115
11 222 638 641 267 116
11 221 654 642 268 115
11 220 656 641 268 114
11 221 653 640 269 113
12 222 660 639 268 112
11 217 645 638 267 112
10 213 659 638 267 111
10 215 666 638 268 111
10 219 630 637 268 110
11 223 649 636 269 110
11 227 646 637 269 110
10 226 643 638 268 109
10 221 665 637 268 108
9 218 636 637 267 108
8 222 661 637 266 108
8 223 653 638 267 109
9 227 630 638 268 110
10 229 661 637 267 110
9 233 658 637 268 109
8 234 654 636 268 108
9 230 645 636 267 107
8 232 643 636 267 106
9 229 655 636 268 107
10 229 654 635 267 108
9 226 633 636 266 108
10 225 647 635 266 109
10 221 663 636 265 109
10 223 657 635 265 108
11 225 663 636 264 109
10 221 647 636 265 110
9 219 656 637 264 110
9 214 667 637 265 110
10 218 639 636 266 111
10 221 639 636 265 112
11 219 660 635 264 112
11 214 636 634 263 112
11 211 658 633 262 112
12 208 638 633 262 111
13 205 652 633 261 112
14 207 642 632 261 111
14 205 635 631 260 111
13 204 640 632 261 111
14 204 653 631 262 112
15 208 642 631 261 111
14 209 664 630 260 110
14 206 662 631 259 110
15 203 644 632 268 109
16 205 632 633 268 109
17 205 654 633 269 110
17 206 632 632 268 109
17 202 649 633 269 108
18 205 643 632 270 108
19 207 649 632 269 109
19 210 653 632 270 110
19 208 664 633 271 111
20 210 650 632 270 112
21 212 634 632 270 112
20 208 637 631 269 112
21 208 668 632 270 111
21 205 666 633 269 111
20 207 639 632 268 111
21 207 662 633 269 112
22 206 635 633 268 111
21 201 631 633 267 112
20 203 663 634 268 112
20 201 645 633 268 111
21 204 662 633 267 112
21 203 647 634 267 111
22 203 636 635 267 110
23 201 641 634 268 111
23 200 638 634 268 111
24 198 659 633 268 111
0 198 656 634 267 111
0 198 661 634 268 110
1 193 657 634 269 109
1 197 645 633 268 110
1 201 657 634 267 111
0 196 667 634 267 111
1 199 651 635 268 111
1 195 651 634 267 111
2 199 630 634 268 110
3 198 642 635 268 111
4 193 662 634 267 112
5 196 668 633 266 112
6 193 632 632 267 112
5 188 633 632 266 111
5 191 643 631 267 110
4 187 647 631 267 110
3 189 666 630 267 109
4 193 665 631 267 110
3 197 655 630 266 111
3 199 647 629 267 112
4 202 642 628 268 113
5 203 656 628 269 112
6 206 639 628 270 113
5 205 666 629 270 114
5 206 630 628 271 113
4 205 658 628 272 114
5 208 645 628 271 115
5 208 638 628 272 114
5 211 665 628 271 115
5 210 646 627 271 116
6 210 642 628 271 116
6 208 643 629 270 117
5 211 636 628 271 118
5 214 664 627 270 119
6 212 666 626 269 119
7 210 636 625 268 119
7 213 662 625 269 118
8 210 642 626 268 119
8 208 644 626 268 118
8 207 663 627 267 119
7 204 661 627 267 120
8 202 657 628 268 119
7 203 647 627 268 120
6 206 641 626 269 119
5 204 634 625 268 119
6 200 663 626 268 120
7 200 647 626 267 119
8 199 659 627 267 119
7 198 642 627 267 119
7 196 660 628 267 118
7 195 646 629 267 117
8 194 657 628 268 118
7 192 648 629 268 118
7 192 668 630 267 117
7 193 636 631 268 118
6 195 654 630 269 119
6 195 661 629 269 119
7 194 668 630 269 118
6 191 657 630 268 119
6 194 657 630 269 119
6 198 649 629 270 119
7 197 662 628 271 120
6 197 630 627 272 120
7 199 644 626 272 119
6 203 639 626 273 119
5 207 665 627 274 120
6 205 656 628 273 119
7 201 632 627 274 119
6 201 661 627 274 118
7 204 666 626 275 118
7 205 669 626 275 119
6 200 650 627 274 119
5 202 635 628 274 119
6 203 631 628 273 120
6 206 654 627 272 120
5 210 658 628 271 120
4 205 656 628 271 121
5 200 647 628 270 122
4 200 636 628 269 122
5 203 640 629 270 121
5 205 664 629 270 120
6 200 644 628 271 121
7 204 635 627 271 122
7 208 638 627 272 122
6 204 634 628 272 122
7 202 657 627 272 123
6 199 666 626 271 122
7 201 665 627 271 121
6 204 650 628 271 121
6 205 653 628 272 122
5 202 666 628 273 123
6 204 664 627 273 124
5 200 660 627 272 125
6 197 663 628 271 126
5 200 643 627 270 126
5 198 660 628 271 125
5 194 657 629 272 124
6 198 656 629 272 123
7 200 635 628 271 123
7 201 663 627 270 124
6 197 632 627 269 124
7 192 661 627 269 125
6 195 632 628 270 124
5 196 654 627 271 123
5 198 664 628 271 122
6 197 667 627 270 123
6 197 649 627 270 122
6 200 640 628 269 122
5 197 657 628 268 121
4 200 665 628 268 121
4 200 666 629 269 120
4 199 645 630 268 119
5 201 662 629 269 119
6 201 634 628 268 120
7 202 653 629 267 119
8 205 663 630 267 118
7 201 630 629 267 117
7 200 665 629 266 116
7 198 658 628 267 117
8 196 653 627 266 116
9 193 655 628 267 116
8 194 644 628 266 116
9 196 632 629 266 115
10 194 660 629 266 114
9 194 634 629 267 113
9 193 634 628 266 114
9 188 642 629 265 114
9 190 637 630 266 113
8 191 659 630 265 112
7 192 654 631 265 113
7 190 660 630 264 113
6 193 643 629 264 113
7 197 630 629 263 113
6 193 650 630 262 114
5 192 660 630 261 113
4 189 642 631 260 114
3 191 644 630 259 115
3 186 637 631 268 116
4 186 658 631 268 115
4 184 641 630 269 115
3 185 652 630 269 116
3 189 662 629 270 115
3 188 665 628 269 116
3 192 657 628 269 115
4 189 635 629 269 116
5 187 655 629 270 115
6 183 660 630 269 116
5 186 645 630 268 115
6 184 662 630 268 116
7 184 643 629 267 116
7 181 634 629 266 115
7 183 641 630 265 114
6 184 635 631 265 115
7 184 649 630 264 114
8 183 635 630 263 114
8 187 652 629 263 115
9 185 651 628 262 114
9 185 656 628 263 113
10 187 650 627 264 114
9 186 646 626 263 115
9 188 659 625 262 115
8 186 666 625 261 116
9 181 665 625 260 115
10 181 642 624 260 114
9 180 639 623 260 113
8 181 633 622 261 112
8 178 657 622 262 112
9 175 638 623 262 113
8 173 639 624 262 112
8 173 653 623 262 112
8 174 656 622 261 112
7 172 647 621 260 112
8 174 667 622 261 111
9 173 669 623 260 112
9 177 641 622 261 113
8 179 630 622 260 114
7 182 639 623 261 115
7 185 650 624 262 115
6 181 656 623 261 116
7 185 655 624 260 117
7 184 664 625 261 118
7 186 648 625 261 118
7 181 668 625 261 117
8 184 637 624 262 118
7 185 669 624 262 117
7 184 669 624 262 118
7 183 668 623 262 118
6 183 639 623 263 117
6 184 640 622 262 116
7 187 656 623 261 117
8 189 659 622 261 116
8 190 631 623 262 115
7 186 643 624 262 115
6 188 659 623 262 116
5 190 660 623 261 115
5 189 630 623 261 116
4 193 652 624 261 117
4 191 667 625 260 118
5 187 639 624 260 117
4 190 634 625 261 116
5 193 649 626 262 115
6 195 651 626 261 115
7 194 667 627 260 115
8 196 633 627 261 114
8 193 637 628 261 115
7 192 653 629 260 115
6 191 642 629 259 116
5 193 652 629 259 115
5 194 658 630 260 114
5 196 634 630 260 115
5 195 666 629 259 116
6 193 645 630 268 115
5 189 630 629 268 116
6 185 662 630 269 116
5 189 638 629 269 117
6 188 649 628 270 117
7 186 663 629 269 117
8 186 638 629 270 116
7 181 641 628 269 117
6 179 631 629 269 116
7 177 639 628 268 116
7 177 634 627 269 115
8 172 645 628 269 116
7 169 648 627 269 116
8 173 650 626 269 116
8 170 667 627 268 117
9 166 660 628 269 118
8 165 662 628 269 119
9 166 659 627 270 118
9 164 654 626 271 117
9 159 662 626 272 118
10 158 646 627 273 118
11 162 659 626 272 118
12 162 656 625 271 117
12 159 635 626 271 117
11 154 655 625 271 116
12 150 666 626 270 116
11 153 640 626 270 116
11 149 645 625 269 116
12 149 633 625 269 115
12 146 637 625 270 115
13 142 633 626 271 114
14 140 648 626 272 115
13 138 655 625 272 114
13 135 631 624 271 114
13 132 654 625 272 115
14 131 634 625 272 114
14 131 645 624 271 114
15 134 640 625 271 113
14 129 645 626 272 112
13 128 636 626 273 111
14 123 635 626 274 110
14 127 650 627 274 110
14 123 630 627 274 111
15 125 632 626 274 112
14 128 649 625 275 112
13 126 656 625 275 111
13 130 665 626 276 110
14 132 657 627 276 110
13 135 642 627 277 111
12 139 662 627 277 110
11 141 652 628 277 109
11 141 631 627 278 108
11 139 635 626 277 109
10 134 644 627 278 109
11 129 642 626 279 110
11 127 632 625 278 110
10 131 665 625 277 111
9 135 635 625 277 111
9 133 645 624 278 110
10 134 649 623 279 111
10 138 662 622 278 112
11 141 662 622 277 112
12 138 630 623 278 112
11 133 643 622 279 112
10 131 669 623 280 111
10 128 635 622 281 110
9 127 633 621 281 111
8 124 655 622 281 112
8 126 650 623 280 113
8 123 641 624 279 113
8 125 659 624 278 113
9 127 660 623 278 113
10 124 652 624 278 114
9 119 640 625 279 114
9 123 636 624 278 115
10 118 652 625 279 114
10 116 659 624 278 114
9 117 637 625 277 115
8 117 637 625 277 115
8 113 635 624 277 116
7 115 658 624 276 115
8 115 659 625 276 114
8 112 659 626 277 113
9 112 632 625 276 113
9 114 655 626 276 112
10 117 659 627 277 112
9 114 667 626 276 112
9 118 667 626 276 113
10 116 647 626 277 113
10 112 630 625 278 112
10 110 661 625 279 113
10 107 669 625 280 113
9 107 652 624 280 114
10 111 647 624 280 114
10 107 666 625 279 113
10 105 636 625 279 114
10 109 655 624 280 115
11 110 666 625 281 114
12 107 662 624 281 114
13 109 637 624 281 115
13 113 654 625 281 114
13 114 664 624 281 113
12 112 655 625 282 112
12 111 649 624 282 111
12 107 640 623 283 111
12 111 641 622 282 110
12 110 652 623 283 109
11 113 657 622 282 108
11 113 652 623 281 107
12 109 649 622 281 106
12 110 632 621 282 107
13 109 650 622 283 106
14 113 663 622 283 107
15 110 668 622 282 106
16 113 637 622 281 107
17 111 651 622 282 108
16 112 636 623 282 108
15 107 650 624 283 107
14 110 642 624 284 106
13 114 634 624 285 107
12 115 634 625 284 107
11 118 637 624 284 108
12 120 646 625 285 109
12 122 651 626 284 109
11 122 641 627 284 108
11 125 654 626 285 109
10 125 659 626 284 110
9 121 634 625 283 110
10 123 638 624 282 110
10 119 661 623 281 111
9 115 637 622 280 111
8 119 668 621 280 111
7 120 659 622 281 112
6 115 654 622 280 113
5 115 633 621 280 112
6 115 667 620 281 112
7 112 664 621 280 111
6 112 669 622 281 112
7 116 638 621 280 113
8 113 648 620 281 113
7 110 638 619 281 113
6 107 652 619 282 113
5 107 632 620 281 114
6 111 639 621 280 114
6 113 639 622 280 114
7 110 648 621 279 115
6 111 657 621 280 115
7 106 646 621 280 114
6 102 632 620 280 115
7 102 664 621 281 116
7 100 639 620 282 115
6 103 631 621 281 114
6 100 648 622 282 113
5 101 646 622 282 112
5 100 649 623 282 112
4 103 642 623 281 111
4 103 639 624 282 110
5 106 653 625 283 111
6 108 634 624 284 112
6 104 637 625 285 111
5 102 632 626 284 110
5 104 642 626 285 110
5 99 662 627 284 111
5 94 637 628 283 111
6 92 640 628 284 110
6 88 652 629 284 110
6 86 648 628 285 109
7 90 642 627 286 108
6 85 645 628 285 107
7 80 652 627 284 108
8 79 635 627 285 108
9 74 655 628 284 107
9 71 664 628 283 106
8 66 638 627 282 106
7 70 646 627 282 105
8 67 632 627 283 105
7 68 652 628 283 105
6 71 663 627 282 106
6 73 631 628 283 106
5 71 643 629 282 106
4 71 653 630 283 106
4 73 645 631 284 106
4 74 658 632 284 107
5 70 657 632 284 108
4 69 651 631 285 108
3 64 651 632 285 108
4 64 639 631 286 109
3 63 667 630 287 109
3 64 669 629 286 108
3 59 667 630 287 108
3 63 648 630 286 109
3 66 653 630 286 110
2 65 655 631 285 111
1 63 635 631 286 110
1 63 641 632 286 110
2 63 662 631 286 109
3 59 669 631 286 108
4 60 633 632 285 108
4 55 639 633 285 108
4 53 647 634 286 109
3 50 645 635 285 108
2 51 655 635 284 109
1 50 633 636 285 109
2 52 640 635 284 109
1 53 642 634 283 109
2 50 664 634 282 110
3 52 659 634 281 109
3 53 663 635 281 108
2 55 645 635 280 108
1 59 641 634 281 108
2 54 655 633 280 107
1 55 665 633 279 108
2 55 666 632 279 108
2 59 642 633 278 109
1 54 635 634 277 110
1 55 664 633 277 110
0 50 649 633 276 110
1 46 635 632 277 109
0 42 647 631 277 108
0 46 660 632 276 109
1 44 667 633 276 110
2 45 640 632 275 110
3 44 660 631 274 109
3 40 650 632 274 108
4 41 657 633 274 109
3 38 638 632 275 110
3 36 646 631 274 110
2 34 665 632 275 111
3 29 634 632 276 111
3 30 668 633 276 110
2 32 659 634 276 109
2 31 656 633 276 109
3 27 650 633 276 108
2 24 636 634 277 107
2 21 666 635 277 106
3 22 650 634 277 105
4 24 660 634 278 106
4 24 640 633 277 105
5 23 646 633 277 106
4 26 643 634 277 107
4 24 665 634 276 108
3 24 662 634 275 107
3 25 641 634 275 108
3 22 632 634 276 109
3 25 655 634 277 109
2 20 645 633 277 109
1 22 666 632 277 109
2 21 636 633 276 110
1 24 636 632 276 111
1 24 646 631 276 112
0 19 664 632 276 112
1 16 662 632 276 111
2 19 657 632 277 110
2 19 668 633 278 111
1 19 669 634 279 111
2 22 668 635 279 111
2 20 632 636 280 111
1 18 661 637 279 112
0 22 645 638 280 113
0 19 652 638 279 114
0 23 639 638 280 114
1 21 639 638 280 115
0 23 661 638 280 114
1 19 631 638 280 114
0 20 651 638 280 115
0 17 645 637 281 116
1 12 653 638 282 115
0 12 637 638 282 115
1 9 654 639 281 116
0 4 648 638 280 115
0 5 631 637 279 115
1 3 668 637 279 115
0 2 642 636 280 115
1 358 647 635 279 114
1 354 630 634 279 113
1 353 665 633 280 114
0 355 652 634 280 113
1 352 640 634 280 112
2 355 656 633 280 111
2 352 653 633 280 112
3 356 651 632 281 112
2 358 652 631 281 113
2 2 636 632 282 112
2 5 650 631 281 112
3 2 655 632 280 112
2 5 632 633 280 113
2 8 661 633 280 114
1 9 660 634 281 115
1 12 635 635 282 114
1 10 647 636 281 115
0 10 663 636 281 114
1 12 633 636 282 114
0 14 668 636 283 114
0 13 666 637 282 114
0 10 646 637 282 113
0 9 650 636 281 114
1 13 648 635 280 113
0 8 656 636 281 113
0 12 634 635 281 113
0 16 649 634 281 112
1 17 656 633 281 111
2 15 639 633 280 112
3 18 630 632 281 112
4 15 633 633 280 111
4 10 647 634 280 112
5 5 642 634 280 112
6 2 652 634 281 113
7 3 634 633 282 112
7 6 634 633 281 111
6 6 633 633 281 111
5 1 667 634 280 112
4 1 643 633 279 113
3 356 630 632 280 113
2 353 637 631 279 113
1 357 642 631 280 113
1 359 646 630 279 114
2 358 646 631 279 115
1 353 650 631 279 116
0 357 651 631 278 116
0 356 664 632 278 117
1 0 642 632 279 116
0 359 668 633 280 117
0 2 658 632 279 117
1 358 663 633 279 118
1 356 665 634 279 119
1 353 659 633 279 120
0 357 668 633 279 120
1 352 659 633 278 120
1 352 641 634 279 121
0 352 663 634 278 121
1 347 657 635 278 120
2 347 630 636 278 119
1 347 635 637 278 119
1 343 661 636 279 118
2 347 635 636 279 119
2 351 637 636 278 118
2 352 665 635 279 118
3 356 649 636 280 119
4 357 637 637 280 118
4 1 669 636 280 119
4 0 647 635 280 120
4 3 642 636 281 119
4 1 661 637 280 118
5 358 662 638 281 119
6 358 662 637 281 118
5 356 634 636 281 119
6 359 651 637 282 120
5 355 660 638 283 121
6 359 636 638 282 120
6 354 660 639 281 119
7 354 648 638 282 118
8 357 642 638 282 118
8 354 630 637 283 118
9 358 660 636 283 119
8 356 656 636 282 119
7 356 630 635 283 119
7 352 631 636 282 119
6 356 667 636 281 118
7 0 657 636 281 119
7 3 657 637 280 118
8 5 663 636 281 117
8 6 633 637 282 116
8 7 666 636 281 115
9 2 653 636 282 116
10 1 669 635 283 115
11 5 658 636 284 114
10 2 638 635 283 115
9 5 637 636 284 114
9 6 662 636 284 113
9 1 658 635 285 112
9 5 648 636 286 113
9 4 648 637 287 113
10 7 661 638 287 113
9 7 642 639 286 113
9 6 661 639 287 112
8 6 631 639 287 112
8 10 657 639 288 112
9 12 633 640 288 111
8 10 637 640 289 112
9 8 651 641 290 112
10 8 667 642 290 111
11 11 660 643 290 111
12 14 642 644 289 112
12 16 641 644 288 113
13 18 645 644 289 113
14 14 640 643 289 114
14 12 648 642 289 113
13 14 647 643 288 112
13 11 645 642 288 111
13 13 642 642 287 111
13 15 636 642 286 110
14 16 636 641 285 111
14 12 656 640 285 112
15 9 638 641 284 111
15 12 662 641 283 110
14 14 652 642 284 111
14 13 632 642 285 111
15 15 654 643 284 110
15 17 663 643 283 109
16 17 658 642 284 108
17 13 655 641 283 108
18 10 663 642 282 109
17 7 644 643 281 110
17 4 653 642 280 111
18 3 659 642 279 112
17 2 665 642 279 113
18 1 658 643 279 114
18 356 645 643 278 113
17 356 640 642 277 112
16 354 660 642 276 112
17 350 657 643 276 113
16 350 643 644 275 113
16 348 633 644 275 113
15 350 636 645 274 112
16 347 650 645 275 112
15 344 653 644 275 111
15 343 657 645 275 110
14 338 662 646 274 110
15 334 634 645 274 110
14 333 648 645 274 110
14 331 634 644 273 109
14 334 657 643 272 109
15 329 669 642 272 109
15 329 668 641 273 109
15 328 638 642 274 110
14 327 655 641 273 110
13 328 651 641 274 109
14 331 661 641 274 108
13 331 643 642 274 109
14 332 634 643 274 109
15 336 663 643 274 110
14 338 669 643 275 110
13 336 653 642 275 110
13 331 655 643 274 109
13 332 659 643 273 110
13 335 667 644 274 110
14 335 648 643 273 109
14 330 655 644 272 109
13 325 631 644 271 109
14 324 655 643 272 109
13 321 652 644 273 109
14 323 642 643 273 110
13 318 632 642 272 110
12 316 652 642 272 110
13 311 632 642 271 109
12 306 667 643 272 110
13 301 633 643 273 111
12 296 638 642 272 112
11 299 648 643 271 112
10 301 663 642 271 112
10 304 646 643 271 112
10 306 650 642 272 113
9 307 648 641 272 112
10 308 647 640 273 112
11 303 660 640 273 112
12 300 642 641 273 112
12 298 639 642 272 112
11 296 658 641 271 112
10 299 659 641 271 111
11 298 662 641 270 110
12 299 638 642 270 111
11 299 652 642 269 110
11 295 645 643 268 111
10 292 652 643 269 112
10 289 631 642 268 113
9 289 666 642 267 114
8 288 661 641 268 115
8 283 650 641 267 115
9 286 630 642 267 115
10 288 644 643 267 115
11 290 641 642 266 116
12 292 647 641 266 116
11 291 636 640 267 116
12 289 667 639 268 117
11 285 632 639 269 116
12 288 663 640 268 117
12 284 663 639 268 118
13 280 641 638 267 119
14 275 654 638 266 119
15 272 668 639 267 118
16 276 660 638 268 118
15 280 644 637 268 118
16 279 644 637 267 119
15 281 646 636 267 119
16 283 654 637 268 118
17 283 660 636 268 118
16 281 657 636 269 119
15 276 660 637 270 120
16 280 661 638 271 121
17 280 664 639 270 120
18 283 661 640 269 119
17 286 633 640 269 118
18 289 657 640 269 119
18 293 630 641 268 118
17 297 648 641 268 118
16 295 633 642 268 118
15 293 636 643 268 119
14 293 657 644 268 118
15 288 640 645 267 117
16 288 650 645 267 118
15 287 644 645 266 118
14 289 657 645 265 119
13 289 657 646 266 118
12 288 636 646 267 119
12 285 632 646 267 120
12 284 639 646 266 121
12 286 667 646 266 120
12 289 642 645 265 121
12 285 662 646 266 120
13 285 630 645 266 119
14 288 648 645 265 118
15 283 663 644 265 117
15 285 636 645 266 118
16 287 660 646 265 117
17 287 652 646 265 116
18 285 635 645 266 117
18 284 661 645 266 117
18 281 664 645 265 116
18 282 668 646 264 117
19 281 668 647 265 116
19 282 655 648 265 116
19 279 666 649 265 116
19 277 640 648 266 116
19 275 661 649 265 117
20 272 644 649 264 118
21 268 654 649 265 117
20 264 642 648 264 117
19 261 635 648 263 116
19 261 630 648 262 115
18 261 658 649 262 116
18 259 645 648 261 116
18 262 667 647 262 116
18 262 659 648 262 116
18 265 660 648 261 117
19 269 631 648 260 117
20 271 662 649 260 116
21 273 648 650 260 116
21 274 654 651 260 115
22 274 664 650 260 114
21 270 631 650 260 114
20 271 662 649 259 113
20 269 634 650 260 113
19 270 665 650 261 113
18 270 648 650 262 113
17 268 664 651 262 114
16 265 639 652 263 114
15 266 639 652 263 114
16 262 632 653 263 115
17 262 659 654 262 116
18 260 643 654 263 115
18 260 654 654 263 114
17 255 656 653 262 113
18 255 661 653 263 112
19 256 631 652 262 112
19 252 646 653 263 113
19 255 666 652 262 112
20 255 631 651 262 113
21 255 662 651 261 112
22 259 634 651 260 113
23 254 650 650 260 112
23 258 636 651 260 111
22 259 639 650 259 110
23 262 645 651 259 109
22 263 646 651 268 108
22 264 665 650 268 109
22 259 647 651 269 108
23 254 668 650 270 109
22 249 646 651 271 110
22 253 652 651 270 110
22 257 640 652 270 109
21 260 655 651 271 109
21 260 668 651 272 109
20 263 653 650 272 110
21 267 654 651 272 111
20 266 632 651 273 111
19 267 637 651 274 112
19 269 640 650 274 111
18 266 653 651 274 111
19 268 659 651 273 112
18 271 663 650 272 112
17 272 657 650 273 113
18 272 645 650 274 113
17 274 653 651 274 112
16 278 650 651 274 112
17 278 631 651 273 113
18 277 646 650 273 113
19 281 631 651 273 112
19 277 648 651 273 111
18 275 651 650 274 112
18 276 669 651 275 111
18 272 648 652 276 111
17 274 654 653 277 110
17 269 647 652 277 110
16 264 630 653 277 110
17 260 662 652 277 110
17 256 657 653 277 111
18 253 631 652 277 111
17 256 657 651 277 112
16 251 655 652 278 113
16 254 650 653 278 113
16 252 644 654 278 113
16 250 646 654 278 112
17 247 632 653 277 111
18 248 635 654 277 112
19 244 669 653 278 111
20 243 648 653 279 110
21 242 630 654 278 109
20 243 648 653 278 108
20 247 636 654 279 108
21 244 654 655 278 107
21 243 666 656 279 106
20 239 655 656 278 105
21 238 656 656 277 104
22 242 630 655 277 105
23 243 635 654 276 106
24 238 641 655 275 105
23 242 645 656 275 104
23 237 633 656 275 105
22 232 657 657 274 106
22 227 648 656 274 107
21 231 638 655 273 106
21 229 659 654 273 106
22 229 669 653 274 105
21 233 639 652 274 104
20 228 653 653 275 105
21 228 633 652 274 105
21 227 634 652 275 105
22 222 646 651 275 104
