5 7 651 599 299 100
6 11 653 600 298 100
5 13 644 601 299 100
4 15 655 600 299 100
4 12 643 601 299 99
4 14 640 602 298 98
4 16 658 603 299 98
4 16 662 604 298 99
4 14 643 605 297 99
4 16 666 604 296 100
3 11 658 604 295 99
3 9 667 603 296 100
4 10 641 602 297 101
4 9 634 603 296 102
3 13 634 604 296 103
2 9 665 605 296 103
2 6 630 605 297 103
1 7 638 606 296 102
1 10 644 607 295 102
1 10 636 607 296 101
2 11 661 607 295 102
1 11 649 606 294 103
0 7 636 607 294 102
1 10 650 608 294 101
1 11 666 609 293 101
2 9 635 609 294 100
2 11 663 610 294 99
3 12 667 611 293 100
3 13 645 610 292 101
2 10 637 610 293 101
1 8 662 611 293 101
2 11 658 612 293 100
2 12 653 611 293 101
3 8 666 611 292 101
4 9 634 610 293 100
3 10 650 610 293 101
4 14 654 609 293 102
3 12 656 608 294 101
4 12 654 609 293 100
5 12 634 609 292 101
6 12 660 610 291 101
6 15 645 609 290 102
6 12 641 608 290 103
6 9 634 609 291 103
6 8 646 609 292 102
6 4 668 610 292 103
7 1 641 611 292 103
6 356 644 612 293 103
7 359 669 611 292 103
6 356 654 612 292 104
7 351 649 613 291 104
8 353 645 612 291 103
8 353 666 613 290 103
8 354 666 612 291 102
9 355 645 612 291 103
9 352 659 612 292 104
9 354 668 612 292 104
9 355 646 612 291 103
10 356 641 612 292 102
11 355 645 613 291 103
12 356 656 614 292 104
11 351 667 613 291 104
11 351 639 612 290 105
10 350 638 613 289 106
11 350 664 614 290 106
10 354 646 615 290 105
10 356 654 614 289 105
11 358 658 614 289 105
10 357 630 615 290 105
9 359 650 615 291 106
8 2 644 615 291 107
9 357 663 616 290 108
8 359 662 617 291 107
8 0 656 616 291 107
7 2 630 615 292 107
7 4 646 615 293 108
7 8 664 616 294 108
8 8 656 615 293 109
8 6 635 616 293 109
9 4 665 615 293 110
8 7 667 616 294 109
9 9 653 615 294 108
10 7 637 616 294 109
11 8 668 617 294 109
10 6 652 618 294 110
11 7 654 619 295 109
10 6 632 620 296 110
11 3 652 621 296 111
12 359 630 621 295 111
13 356 664 622 295 112
12 352 665 622 294 112
12 351 667 621 295 112
11 347 640 620 294 111
11 348 637 621 294 111
12 344 641 621 295 111
11 343 659 622 296 112
10 339 651 622 295 112
9 336 641 623 296 111
10 339 649 623 297 112
11 335 663 623 298 112
12 335 649 623 298 113
12 339 640 624 297 114
11 339 660 624 297 114
12 341 646 624 296 115
12 340 648 624 295 114
13 343 633 623 296 115
14 339 633 624 296 116
13 334 640 623 295 115
12 333 645 624 294 114
11 328 655 624 293 114
12 330 630 625 292 115
12 328 639 624 292 116
12 331 642 625 293 115
13 328 636 624 292 114
12 328 662 623 293 113
11 325 647 623 292 112
10 324 666 623 293 112
11 326 661 624 294 113
10 324 661 625 295 112
9 319 647 625 295 113
10 319 640 624 294 114
11 322 665 624 294 113
11 319 640 625 294 114
11 322 647 625 294 113
10 318 636 624 295 113
11 316 658 623 296 114
11 317 646 622 295 114
12 319 649 623 295 113
13 323 638 622 294 113
14 322 643 621 294 112
15 321 658 621 294 111
14 325 657 620 294 112
14 323 657 621 293 113
14 324 648 621 294 114
13 328 654 620 295 113
12 326 645 621 296 112
13 329 650 622 296 112
12 329 658 621 296 111
12 325 634 622 296 111
13 327 630 621 295 112
12 326 631 620 295 112
13 330 642 620 296 111
14 328 636 621 296 110
14 330 646 621 297 110
15 330 633 621 298 109
15 333 641 622 298 110
15 329 646 622 298 110
15 325 656 621 298 109
16 329 652 621 297 109
16 328 631 621 296 108
17 327 644 620 295 109
18 327 668 619 296 110
17 328 642 619 295 111
16 332 649 620 295 112
15 331 652 619 295 113
16 335 664 618 296 114
16 335 652 619 296 115
16 330 642 619 295 116
15 331 637 618 295 117
16 333 656 618 295 117
15 337 641 617 295 118
16 332 668 617 296 118
15 331 648 618 295 119
14 333 656 617 295 118
15 331 645 616 295 118
16 333 668 616 296 117
17 329 651 616 295 117
16 333 654 617 295 118
15 328 660 616 295 118
15 329 658 617 296 118
16 330 641 618 295 119
16 330 666 617 294 118
17 328 661 618 295 119
18 331 663 617 296 120
17 326 644 618 297 119
18 325 646 619 298 118
18 322 633 619 299 119
18 325 646 618 298 119
18 325 644 619 298 118
18 323 662 620 298 117
18 325 641 621 299 116
17 323 636 620 298 117
17 324 654 619 298 116
16 325 633 618 299 116
16 327 668 618 298 116
16 328 649 617 299 116
16 329 638 618 298 115
17 324 630 617 297 116
18 325 656 618 298 116
17 327 653 617 298 116
16 330 630 617 297 117
15 333 657 617 298 117
15 328 644 617 299 117
14 323 644 618 300 118
14 318 661 618 300 119
14 313 653 619 299 118
15 315 645 618 300 118
16 312 667 618 301 119
17 315 657 618 302 118
17 319 656 618 302 117
18 321 654 618 303 117
17 325 665 617 304 117
16 326 647 617 303 118
16 325 642 617 303 117
15 326 631 616 304 116
15 330 632 617 304 115
16 327 630 616 303 115
15 325 647 616 304 116
15 321 648 617 303 117
14 320 666 616 302 116
15 320 664 617 303 117
14 322 665 617 304 117
15 326 660 616 304 116
15 326 637 617 305 117
14 321 649 616 306 117
15 322 663 617 307 118
16 319 647 616 307 119
16 320 664 615 307 118
17 318 631 616 307 119
16 319 650 615 308 119
17 322 648 614 307 120
16 324 667 613 306 119
16 326 657 614 306 118
17 325 643 613 306 117
17 327 656 613 307 118
18 324 644 614 306 117
18 325 640 614 305 116
17 327 646 614 305 117
18 322 649 613 306 116
18 319 637 614 306 116
18 318 642 614 306 115
18 317 651 614 307 114
18 315 633 614 306 115
18 316 640 613 305 115
18 319 658 612 304 115
17 318 648 611 304 116
16 321 653 612 305 117
17 325 668 613 305 116
18 324 658 612 306 115
19 319 657 612 305 114
19 318 663 612 306 114
18 322 637 612 305 113
18 323 650 613 304 114
19 323 633 614 304 114
20 322 642 614 305 115
19 324 648 615 306 116
19 328 639 616 306 117
18 332 639 615 306 117
18 333 657 615 307 116
18 331 637 614 306 115
18 334 645 614 307 116
19 335 642 613 306 115
19 336 660 613 306 114
19 340 637 613 307 115
19 342 654 612 308 114
20 340 661 611 307 114
19 338 651 610 306 113
19 342 658 611 307 112
19 338 666 612 307 113
19 339 669 611 306 113
19 343 633 610 306 112
18 344 634 611 305 111
17 341 660 612 304 112
18 339 663 611 304 112
17 343 659 610 303 112
18 346 653 609 304 112
17 342 644 608 303 113
17 344 651 607 304 113
17 341 648 607 305 113
16 340 635 607 306 113
16 336 648 606 307 112
17 338 660 606 307 113
18 338 631 606 308 113
17 341 639 605 308 113
16 345 666 606 307 113
15 340 662 605 308 112
16 335 668 604 307 112
15 331 639 603 306 111
15 335 631 602 306 111
15 334 655 602 305 111
16 332 652 603 305 112
15 335 642 603 305 112
15 334 650 603 305 113
14 331 640 603 306 112
13 327 636 602 305 112
13 323 657 602 304 113
14 323 661 602 305 113
14 320 641 602 304 112
13 317 663 603 304 112
14 314 640 602 303 111
14 314 649 603 303 112
14 309 657 604 302 112
14 307 646 605 302 112
14 305 667 606 303 111
15 301 649 607 302 111
16 296 636 608 302 110
17 295 662 609 303 110
18 299 665 608 304 111
19 297 668 608 304 112
20 293 643 609 303 111
19 297 646 609 304 110
18 298 645 610 304 110
19 296 641 609 303 109
19 292 649 610 304 110
20 287 663 610 304 110
19 283 664 609 304 109
19 278 633 609 304 108
18 278 641 609 305 107
18 279 667 608 304 107
18 280 641 608 305 108
19 278 632 607 305 109
20 281 665 606 305 109
20 284 662 606 305 108
19 281 662 606 305 107
19 283 653 607 305 108
19 287 658 608 305 107
18 284 665 607 304 107
17 285 641 606 305 106
17 282 630 607 305 106
18 280 646 606 306 106
18 276 667 606 305 106
19 275 637 605 306 106
18 272 630 605 307 106
17 269 650 606 308 106
18 267 638 606 307 106
18 266 638 605 306 105
18 261 648 606 306 105
17 264 666 605 305 106
18 266 657 606 306 107
19 264 653 606 307 107
18 260 634 605 307 108
19 258 633 606 307 107
19 262 641 606 307 107
19 262 642 607 308 108
19 264 667 606 309 107
19 261 654 607 308 107
20 261 638 608 309 106
21 265 649 608 309 105
20 268 653 607 309 106
19 265 656 607 310 106
19 265 669 607 309 106
19 265 662 607 308 107
20 260 636 607 309 108
19 260 652 607 309 107
20 256 657 608 309 107
21 258 649 607 309 107
22 258 662 607 309 106
23 257 666 607 308 105
24 260 665 606 307 104
24 258 644 606 308 104
23 253 658 607 308 105
23 256 653 608 308 106
22 258 654 607 309 106
21 253 657 607 310 106
21 257 666 607 311 107
22 255 648 607 311 108
21 251 651 607 310 108
20 251 661 608 309 109
21 249 657 609 310 108
20 250 658 608 309 107
20 252 636 608 308 107
21 254 640 609 309 106
21 250 646 608 308 105
21 246 659 607 308 104
22 248 639 607 308 105
22 248 666 607 308 105
22 247 664 607 307 105
23 245 637 608 308 104
23 247 630 607 307 104
22 251 632 606 308 103
23 248 656 606 308 104
24 245 637 605 309 103
24 244 644 604 310 104
23 247 662 605 310 105
23 243 667 606 309 106
24 241 648 605 309 107
0 244 636 605 309 106
1 247 668 605 309 105
2 251 653 604 309 104
2 251 631 604 309 105
3 251 654 603 309 105
3 253 642 602 309 104
2 252 664 602 310 104
2 253 660 603 310 105
2 253 658 603 309 105
3 256 636 604 308 104
2 253 636 605 309 103
3 254 667 606 309 103
2 253 636 607 310 103
1 257 638 608 311 104
0 253 636 608 311 105
1 249 650 609 310 105
1 252 663 608 311 104
2 253 665 608 312 103
3 255 640 607 311 104
3 253 634 606 310 105
4 252 666 607 310 105
4 253 662 608 311 104
3 255 630 607 311 104
2 250 645 607 311 105
2 249 662 608 311 104
1 244 631 608 310 103
2 242 649 607 311 104
2 237 654 606 311 105
2 240 655 605 311 104
3 243 633 605 310 103
2 243 651 604 311 104
1 242 637 605 310 103
1 242 647 606 310 102
0 245 653 606 311 101
0 249 651 606 312 101
1 245 665 605 311 102
0 244 647 605 312 101
1 246 635 605 313 102
2 242 648 606 312 101
1 242 668 606 312 101
1 237 631 607 312 102
2 235 662 608 312 101
1 235 667 609 312 102
0 239 635 609 311 101
1 239 641 608 312 100
1 241 635 609 312 101
0 245 666 608 313 101
0 249 660 609 312 100
1 247 634 609 312 100
2 244 650 608 313 101
3 248 657 608 313 101
2 245 663 607 312 101
3 240 649 606 312 102
4 242 644 607 311 101
4 242 639 608 310 100
4 238 630 609 311 101
4 235 639 608 311 100
4 235 652 608 312 100
3 239 664 607 313 100
3 239 645 606 314 99
2 241 646 605 314 98
2 238 648 604 313 98
3 235 669 605 312 99
4 234 651 606 312 100
4 233 658 605 312 99
4 230 662 606 313 100
4 232 646 607 313 101
3 234 640 606 313 102
4 237 652 606 312 102
3 235 631 606 313 101
4 230 649 607 312 100
5 230 630 606 313 99
4 229 659 607 314 99
3 224 663 607 313 98
3 227 657 606 312 97
4 231 633 607 311 96
4 232 642 606 310 96
4 228 659 607 310 97
3 230 641 608 310 98
3 232 639 609 311 98
2 232 653 610 311 97
2 227 658 610 312 98
1 223 647 611 313 98
2 226 657 611 314 97
2 229 668 610 313 98
2 233 646 609 314 97
2 234 650 610 315 97
1 234 656 609 315 98
2 231 631 610 316 97
1 234 665 609 316 96
2 230 661 608 317 96
3 233 657 607 316 97
2 229 649 607 315 96
1 229 641 606 316 97
1 225 658 607 316 97
2 221 651 607 317 97
2 218 638 606 316 96
1 221 653 605 315 95
1 217 648 606 316 95
0 217 668 606 316 96
1 215 661 605 316 97
1 210 638 605 316 98
2 205 637 604 315 98
3 202 648 603 314 99
4 203 639 604 315 100
5 198 655 603 316 101
4 194 645 602 315 102
4 196 635 603 315 101
4 199 655 602 314 100
3 202 630 601 315 101
4 198 635 602 314 101
4 197 659 603 315 100
5 193 656 602 315 99
4 189 650 603 316 100
4 193 660 603 316 100
4 197 639 602 315 99
4 197 635 601 314 99
3 198 635 600 313 100
3 194 663 601 314 99
4 190 635 601 313 99
3 185 631 600 314 98
3 180 653 601 313 98
3 183 648 602 312 98
2 181 650 601 311 98
1 185 640 602 310 98
1 180 638 601 310 99
0 178 656 601 309 99
1 179 635 600 308 98
0 181 665 600 308 99
1 183 644 599 307 99
2 185 655 599 308 98
2 180 638 599 307 97
1 179 666 599 308 98
0 177 649 598 308 99
0 175 652 598 308 99
1 170 644 597 307 100
0 172 668 598 308 101
1 169 631 598 308 101
0 168 664 598 308 100
1 171 635 597 309 101
1 172 648 598 310 100
0 176 652 597 311 99
1 172 631 598 312 99
1 173 632 598 313 99
0 170 660 599 313 100
0 173 648 599 312 99
0 169 662 599 313 100
1 173 651 598 312 99
0 172 630 597 311 100
0 174 635 598 312 101
1 172 655 599 313 102
0 171 632 598 313 101
0 172 648 597 313 100
1 169 656 598 312 101
0 164 657 598 311 102
1 160 657 598 311 101
0 164 659 597 312 101
1 160 630 596 313 101
0 157 657 596 314 101
1 157 669 596 313 102
0 159 669 595 313 101
1 158 642 595 312 102
0 159 661 596 313 101
0 161 668 596 313 102
1 161 636 597 314 102
1 161 662 597 315 101
1 158 644 598 316 102
0 159 665 597 315 102
1 159 664 598 316 102
0 160 646 598 315 102
1 161 648 597 314 101
1 156 632 596 315 100
1 160 645 595 316 99
0 158 662 596 317 99
1 158 652 595 318 98
0 158 630 594 318 98
1 155 656 594 319 97
0 159 669 594 319 97
1 159 647 593 319 96
0 162 644 593 320 95
1 166 662 592 320 96
0 162 630 592 320 96
0 163 664 591 319 95
1 159 661 591 318 94
1 154 665 590 318 93
1 157 643 591 317 92
1 156 632 590 318 93
0 158 636 589 317 92
0 157 667 589 318 91
0 157 657 589 318 92
1 161 636 589 317 91
0 156 664 589 317 92
1 152 633 590 318 91
1 153 631 590 317 92
1 154 657 591 318 92
0 152 656 592 319 91
1 153 657 593 318 90
2 148 655 594 317 91
1 143 630 593 317 91
0 140 639 593 318 90
1 142 637 592 319 91
2 144 659 591 320 90
1 147 630 590 320 91
2 150 634 591 320 91
2 151 663 590 311 92
2 149 650 589 311 91
2 151 652 589 312 90
2 150 645 589 312 90
1 148 651 590 313 90
1 152 666 589 314 89
0 155 630 590 313 88
1 153 651 591 314 88
1 157 665 592 314 88
2 159 636 593 314 87
1 155 635 592 313 86
0 152 668 592 314 87
1 155 633 592 314 87
1 157 668 593 314 87
0 161 646 593 315 86
1 161 661 593 316 86
1 160 654 593 315 87
1 162 663 594 315 88
2 158 657 594 315 88
2 157 667 594 316 87
2 159 644 595 315 87
1 156 635 594 315 87
2 158 659 593 316 87
3 154 665 594 317 88
4 158 635 595 318 89
4 156 643 595 317 88
4 153 635 596 318 87
4 156 638 597 319 86
3 159 666 598 318 87
3 156 648 598 317 86
3 153 651 598 318 87
2 155 657 599 319 88
1 155 644 598 319 87
2 155 666 597 320 87
3 150 638 597 311 88
4 150 646 597 310 88
4 153 647 596 310 89
3 153 638 597 309 88
4 148 651 596 310 89
3 143 654 595 309 90
2 145 649 596 309 90
1 143 662 597 310 89
0 145 657 596 311 88
1 140 667 597 312 87
2 136 658 596 311 87
3 137 636 595 312 88
2 134 657 594 313 87
2 133 666 593 313 86
1 131 654 594 313 86
0 132 664 593 312 86
0 132 656 593 311 86
1 136 640 594 311 86
1 134 648 593 312 87
0 135 638 593 312 87
1 132 667 592 312 87
2 130 639 592 312 88
1 132 664 591 313 89
2 130 665 591 313 88
1 130 658 591 313 87
0 134 663 591 312 87
1 131 655 592 312 88
1 131 644 591 313 88
0 127 630 590 312 89
0 123 637 591 313 88
1 123 638 591 312 88
0 126 652 591 313 87
1 125 659 590 314 88
1 126 647 589 313 87
2 126 667 589 312 88
2 124 641 589 313 87
2 119 630 588 312 87
1 118 662 587 312 86
1 114 637 587 311 87
0 115 650 588 310 88
1 113 649 587 311 87
2 108 668 588 312 86
2 108 667 588 313 85
1 103 660 587 312 85
2 100 667 586 312 85
3 98 637 586 313 84
4 97 642 585 312 84
5 95 644 584 311 84
4 93 665 585 311 83
5 97 663 586 311 84
5 93 668 586 310 84
5 95 649 586 309 85
6 99 641 587 310 85
6 94 658 588 309 84
6 90 634 589 310 84
6 85 635 589 309 84
7 89 642 590 308 85
7 93 648 591 309 86
6 96 652 591 308 85
5 100 640 592 309 84
4 97 646 591 309 85
4 95 662 592 310 85
4 99 652 592 309 85
5 95 666 592 309 85
5 91 641 593 308 85
5 92 666 593 309 86
4 88 632 594 308 87
5 85 666 595 309 87
6 85 656 596 310 88
5 87 636 595 309 88
6 85 637 594 310 89
5 83 650 593 309 90
4 86 667 592 310 90
4 90 662 593 310 91
4 92 653 592 309 90
5 89 659 592 310 91
5 89 635 591 309 92
4 93 645 592 308 91
4 96 666 592 309 91
5 95 651 591 310 91
6 92 645 590 310 92
6 95 654 589 309 92
6 95 633 588 309 92
5 94 642 588 310 91
4 93 646 587 309 90
4 93 666 588 309 89
4 90 656 589 309 88
3 86 649 589 308 89
3 90 661 590 307 89
3 87 667 590 307 88
2 90 649 590 306 89
1 88 666 591 307 88
0 85 645 591 307 87
0 82 653 590 306 86
0 84 654 589 306 87
1 87 643 589 305 88
1 90 633 589 304 88
1 93 654 588 303 87
2 96 668 589 303 88
2 92 652 590 302 87
1 88 655 591 301 87
0 89 639 591 300 88
1 86 665 591 299 87
0 88 644 591 298 87
1 83 663 590 298 87
2 87 657 591 299 87
2 83 654 591 298 86
3 82 649 590 299 87
2 77 657 589 299 88
1 76 650 588 300 87
2 79 654 589 299 86
1 74 654 590 300 87
1 70 650 591 300 86
2 69 638 590 299 86
1 73 653 589 299 85
0 77 643 588 299 85
1 77 632 589 298 86
1 81 655 588 297 85
1 85 666 587 298 86
1 83 633 588 299 85
2 78 666 588 298 84
3 77 630 587 297 84
4 76 639 586 297 84
5 80 651 586 296 84
4 84 658 585 297 85
3 84 664 586 298 84
4 79 652 586 298 84
5 78 663 585 299 84
6 78 652 585 298 84
7 78 651 586 297 83
6 73 656 586 296 82
7 75 652 587 297 81
6 77 661 587 296 82
5 74 631 588 297 83
5 77 633 588 297 84
6 73 642 589 298 85
6 70 669 590 299 84
5 66 654 589 299 85
4 67 655 588 300 84
3 69 646 587 299 84
2 64 637 586 300 83
1 66 652 585 301 82
0 68 638 585 300 81
1 67 659 585 301 80
2 68 658 586 301 81
1 71 648 586 301 81
2 72 633 587 300 82
3 76 659 586 299 81
3 77 657 585 300 80
4 77 649 586 300 80
4 73 649 587 301 79
4 73 644 586 301 79
3 68 642 587 300 79
4 70 667 586 301 79
3 67 652 587 302 80
2 68 644 588 301 79
1 69 654 587 302 80
1 71 633 587 301 81
2 67 639 587 300 81
1 66 654 587 300 81
1 63 641 588 300 81
1 62 665 587 301 82
2 61 669 588 301 81
1 61 635 588 300 80
2 60 665 588 301 80
1 57 652 588 301 80
2 57 637 588 301 80
1 55 635 587 302 81
2 51 645 587 301 82
2 50 651 588 302 82
3 46 657 588 301 82
4 45 634 589 301 82
5 40 655 590 302 82
6 40 659 589 303 83
7 40 634 588 303 84
7 37 644 588 302 84
8 33 636 588 303 83
8 34 634 587 302 84
8 30 630 588 303 84
9 32 665 589 304 85
10 31 640 590 305 86
10 27 657 591 306 87
11 30 635 591 307 87
10 33 651 592 307 88
9 32 659 592 308 88
10 34 657 591 309 88
9 35 666 590 310 89
9 34 660 589 310 90
10 29 655 588 309 91
11 25 639 588 309 92
11 23 669 589 310 93
11 21 649 590 309 94
11 20 663 590 308 93
10 20 656 591 309 93
9 22 641 591 309 93
8 20 642 591 308 93
9 24 666 591 309 93
8 22 630 592 310 92
7 19 630 591 311 92
8 18 655 591 311 92
8 20 639 591 311 93
7 23 657 591 310 94
6 25 659 590 310 93
5 25 653 591 311 93
5 27 648 592 312 92
5 30 631 592 311 91
4 34 659 592 312 91
5 36 640 591 312 91
4 40 632 592 312 92
5 38 646 593 312 91
6 35 635 592 311 91
6 30 639 593 310 92
5 34 669 592 311 93
5 29 662 593 312 93
5 24 633 593 313 94
4 22 652 594 314 94
5 20 662 593 313 93
5 18 664 593 314 94
6 21 655 593 314 93
5 17 634 594 314 92
6 16 654 594 315 93
6 20 666 593 314 92
7 18 663 594 315 92
7 13 654 593 316 92
8 14 664 593 317 93
8 10 640 592 317 92
7 5 630 593 318 92
8 6 631 594 318 91
9 3 666 595 318 91
10 1 637 596 319 90
11 356 666 596 320 89
11 356 638 596 319 90
11 356 652 597 320 91
11 354 641 598 311 90
10 354 660 598 310 91
9 350 647 598 311 90
9 348 646 599 311 90
8 345 657 598 310 89
8 340 647 597 309 88
9 337 647 598 309 87
10 340 654 597 309 87
10 340 667 597 308 88
11 343 664 597 307 88
10 341 653 598 307 88
10 337 664 599 307 87
10 335 631 598 308 86
10 332 636 597 309 86
11 331 633 598 308 87
11 333 636 599 309 86
12 328 664 598 309 86
12 324 645 598 308 86
12 326 656 599 308 85
11 322 636 600 308 85
11 322 650 601 308 84
11 320 654 601 308 84
11 320 663 600 307 84
11 321 644 600 308 83
10 317 666 599 307 83
11 316 667 598 307 83
11 314 668 599 308 83
11 313 640 599 308 83
12 309 633 598 309 84
12 312 635 598 310 83
13 313 641 597 310 84
13 312 642 598 310 83
13 314 642 599 311 82
12 314 638 599 311 82
13 314 633 600 311 83
13 315 635 599 310 82
13 310 656 598 310 81
12 308 632 599 311 80
12 312 641 599 310 79
11 309 646 599 309 80
11 305 657 598 310 81
11 304 661 599 310 82
11 299 657 600 309 82
11 303 649 599 309 83
11 304 630 598 308 83
10 301 651 597 308 84
9 301 641 597 308 84
10 303 643 597 309 85
10 304 641 596 308 85
10 301 635 595 308 85
11 304 669 595 309 85
12 304 656 594 309 84
13 305 663 595 309 84
12 300 641 595 308 83
11 302 650 594 309 83
10 300 657 595 309 83
9 297 668 595 308 84
10 301 632 596 307 83
9 297 632 597 306 84
8 294 661 596 305 84
7 293 667 597 306 83
8 293 632 596 305 84
9 288 646 597 304 83
9 284 667 598 303 83
10 284 668 598 302 83
11 283 656 597 302 84
12 286 665 596 303 83
11 282 646 597 302 84
12 279 659 597 301 83
11 275 653 597 301 82
11 271 630 597 302 81
12 274 648 596 302 82
11 276 648 596 302 82
11 278 642 597 301 83
12 275 668 597 301 83
13 271 632 597 302 84
12 272 666 597 301 83
11 275 630 598 301 84
11 275 652 599 302 84
12 274 637 599 302 83
12 273 644 600 302 82
11 269 641 599 303 82
11 272 633 598 304 82
10 270 649 598 303 82
11 271 641 597 303 82
11 273 656 596 302 83
11 269 633 595 302 83
11 272 664 596 301 83
11 270 632 597 300 84
10 273 669 597 301 84
11 273 667 598 301 85
12 268 639 599 301 84
13 271 665 598 302 85
13 270 633 598 303 86
13 269 655 599 303 87
13 273 662 598 304 88
13 276 662 597 303 87
12 278 643 596 302 86
11 274 665 596 301 87
10 273 655 597 302 88
11 276 644 596 303 88
12 275 638 596 304 89
13 277 647 596 304 90
14 275 669 596 304 90
14 279 632 596 305 90
13 278 631 596 306 90
12 279 663 596 306 89
11 279 630 596 305 90
11 280 635 595 306 91
10 276 653 596 307 92
10 279 634 597 306 93
11 277 649 597 305 93
10 279 631 596 305 93
10 283 632 597 305 92
9 282 669 598 305 93
10 281 665 598 304 94
9 278 665 597 303 93
10 273 651 596 302 92
9 275 651 597 302 92
9 270 666 596 301 93
10 269 653 597 301 93
10 264 642 596 301 92
10 264 669 597 301 93
11 265 664 598 301 92
10 266 645 599 301 91
11 262 638 600 300 90
10 265 659 601 301 91
10 266 651 600 301 92
9 263 643 601 300 92
10 259 637 601 300 92
10 262 640 600 299 91
10 262 646 599 300 91
10 266 634 599 300 91
9 265 667 599 299 92
9 260 634 599 298 93
10 261 651 600 298 93
11 263 642 601 299 94
10 265 644 601 299 95
9 260 656 600 299 94
10 264 633 599 298 95
9 261 634 600 298 95
8 258 664 601 297 96
8 253 660 600 298 97
7 255 663 600 299 97
6 256 636 600 300 96
7 256 654 599 299 97
8 260 639 598 299 96
9 259 655 599 299 97
8 254 653 600 300 97
7 255 650 601 299 96
7 250 648 600 298 95
8 246 661 601 297 95
8 249 659 601 298 94
8 248 640 602 299 94
9 252 654 602 300 95
10 247 646 602 299 94
10 251 654 601 299 95
10 250 663 602 299 94
11 252 633 603 300 94
10 247 642 603 300 94
9 248 648 603 300 93
9 247 663 602 301 93
10 250 630 602 302 93
10 248 667 603 302 92
9 252 661 604 302 93
9 249 652 603 301 93
9 249 665 602 302 93
8 246 652 602 301 93
8 241 644 601 300 93
9 239 658 601 300 92
10 237 633 602 299 92
10 239 667 602 298 91
9 239 645 602 297 91
8 241 663 601 298 90
8 243 648 600 297 89
7 240 663 599 298 89
7 235 642 598 299 90
6 236 637 599 299 91
7 234 649 598 299 90
6 237 668 597 299 91
5 236 639 597 299 92
6 237 669 597 298 92
6 235 664 597 299 92
5 238 651 598 300 93
4 235 650 598 301 92
3 232 653 598 300 92
3 229 630 598 300 92
2 225 659 598 299 92
3 224 660 597 300 92
4 222 644 598 301 93
5 218 651 598 302 93
6 222 667 599 301 94
6 220 638 599 300 94
6 216 658 599 301 93
5 213 643 600 300 92
5 209 662 600 300 91
6 204 654 599 301 90
5 203 657 598 301 89
4 200 635 597 301 88
4 195 654 597 300 87
5 197 664 596 301 88
4 197 631 597 300 87
5 194 641 596 301 88
6 191 658 596 302 89
7 190 630 596 301 89
8 190 666 596 302 88
9 188 656 595 303 89
10 190 634 596 302 90
9 186 649 597 303 90
10 187 659 598 302 90
10 189 649 599 303 89
9 189 646 599 303 89
9 189 646 600 303 88
9 185 645 599 302 88
10 185 660 600 301 88
9 180 635 601 300 88
8 175 650 600 301 88
9 173 659 599 302 88
8 170 662 600 301 87
9 169 662 600 300 86
10 166 631 601 300 85
9 162 653 601 299 85
9 161 648 601 300 84
10 164 631 600 300 84
9 167 654 600 299 84
8 165 660 601 298 83
8 164 647 602 297 84
7 168 647 602 298 84
6 171 659 603 298 83
5 171 659 603 299 83
6 170 655 603 298 82
7 171 643 603 298 83
8 167 653 602 299 82
9 167 661 601 300 81
10 170 664 601 301 80
10 169 632 602 300 81
9 164 659 603 299 81
9 166 666 602 299 81
8 162 658 601 300 82
8 162 630 600 301 83
8 163 633 601 300 83
9 158 642 602 301 83
8 157 649 603 302 84
7 152 630 604 301 85
7 147 657 605 301 85
7 142 632 604 302 85
6 138 650 603 301 84
6 136 645 602 301 83
5 134 651 602 301 82
6 133 665 602 300 82
6 136 636 602 299 83
7 140 655 602 300 82
8 138 631 601 301 82
9 137 651 601 300 81
9 134 633 600 300 80
10 134 652 601 301 81
9 134 630 601 300 82
10 135 639 600 300 83
9 131 659 601 299 84
8 126 631 600 298 84
7 128 669 600 297 84
6 130 632 601 297 85
7 133 647 601 296 86
7 132 642 602 295 86
8 136 651 602 294 85
9 133 643 603 293 86
9 130 646 602 294 87
10 130 636 601 295 87
9 133 662 600 296 88
10 130 637 599 296 89
9 128 648 600 295 88
8 130 645 601 296 89
7 125 666 602 297 89
6 123 665 602 298 90
7 127 664 601 298 89
8 124 637 601 299 89
7 123 643 601 300 90
8 124 648 602 300 91
8 126 652 603 301 92
9 127 649 603 302 93
8 130 630 603 301 92
9 134 639 602 301 91
10 133 650 603 302 90
11 131 630 604 302 89
11 134 652 605 302 90
11 136 637 604 301 89
12 140 644 605 302 88
13 136 660 606 303 88
14 134 656 607 302 88
14 134 650 606 301 88
15 131 661 606 300 87
16 135 644 606 300 86
15 133 653 605 300 87
14 134 642 605 299 87
14 136 635 605 299 86
14 133 668 604 298 85
13 135 650 604 298 84
14 131 657 603 299 83
13 130 651 604 300 82
13 127 631 605 300 81
13 125 646 606 300 82
13 120 645 606 300 83
13 115 657 607 300 84
12 112 645 608 300 85
11 108 644 608 301 85
10 105 656 608 301 86
9 106 662 607 302 87
8 110 666 607 303 86
7 111 657 607 302 87
6 113 659 606 301 87
6 114 664 605 301 86
7 115 631 605 301 87
6 112 633 604 300 88
5 113 669 603 301 88
5 110 647 604 302 89
6 114 651 605 303 88
6 115 631 606 302 87
6 119 650 606 301 87
6 114 643 607 302 87
7 112 630 608 301 88
6 114 651 607 300 89
5 118 669 607 299 88
6 121 639 607 299 88
7 121 632 608 298 88
8 121 642 608 299 88
9 121 640 608 298 89
8 122 633 609 298 90
7 122 631 610 298 89
7 117 634 609 299 88
8 119 639 609 299 87
8 118 640 609 300 86
9 118 631 610 301 86
8 122 643 609 302 87
7 119 657 610 303 86
6 119 645 611 304 86
6 116 656 611 303 86
5 117 664 611 304 86
5 120 647 612 304 86
4 123 659 612 305 87
5 122 668 611 306 88
5 123 668 610 306 87
5 121 635 611 306 88
4 119 632 611 305 87
5 114 663 611 306 86
6 114 638 610 306 86
5 114 643 610 306 86
4 110 651 609 306 87
3 105 638 610 306 87
4 102 654 611 305 88
5 103 660 611 306 89
6 105 636 611 305 89
7 101 641 611 305 90
7 99 639 610 304 89
7 99 664 611 305 89
6 98 632 611 305 90
7 95 650 612 306 89
8 98 668 611 307 90
9 94 642 612 308 91
10 90 642 611 308 90
9 94 636 612 309 89
8 98 667 611 308 90
8 99 645 610 309 91
8 98 651 609 308 92
9 93 661 608 308 92
10 94 653 609 309 93
9 98 649 609 310 94
9 101 668 609 311 93
9 101 669 608 311 92
9 100 660 607 312 93
8 100 630 606 312 94
8 95 648 606 313 93
9 94 661 605 314 93
10 90 644 605 313 92
9 86 663 605 312 92
9 83 651 605 312 91
9 85 658 604 313 91
8 86 668 603 314 90
9 81 649 604 313 91
8 80 662 605 312 90
9 79 632 604 313 91
8 82 635 603 313 90
9 84 666 602 312 90
9 79 649 602 311 89
9 80 639 603 311 89
9 81 636 604 312 90
8 80 636 603 313 90
9 75 639 603 313 89
9 73 634 602 313 90
10 74 667 603 314 89
10 70 656 604 314 89
11 66 647 604 315 89
12 62 644 605 316 90
11 57 669 606 316 91
12 55 651 607 316 90
12 55 638 607 316 89
12 50 666 606 316 88
12 49 636 606 317 87
13 51 653 607 317 87
14 48 630 606 317 86
14 49 660 606 318 87
14 48 658 607 317 86
14 52 645 606 317 87
15 48 651 605 318 87
16 44 668 605 319 87
15 43 642 605 318 87
16 45 639 605 317 86
16 48 649 605 317 87
17 50 630 604 318 88
17 49 667 603 317 88
16 53 664 603 318 88
15 48 632 603 319 87
14 47 647 604 320 88
13 45 653 604 311 88
14 43 661 603 312 88
15 40 633 604 313 89
16 42 639 605 314 90
16 39 658 604 313 91
15 42 639 604 313 90
16 46 638 604 313 91
15 42 640 604 312 92
15 43 655 604 313 92
16 44 642 603 312 92
17 48 638 602 313 92
17 49 637 603 314 93
16 44 633 603 313 92
17 42 650 604 313 93
17 42 632 603 312 93
18 41 652 603 312 93
17 44 665 602 312 92
18 46 669 602 313 91
18 49 644 603 313 91
18 45 669 604 313 92
17 49 665 603 312 91
17 51 661 602 313 92
18 50 662 601 312 92
19 47 642 602 311 93
20 51 653 602 312 92
19 49 636 601 311 93
18 44 650 602 312 93
18 40 669 602 312 92
19 36 667 602 311 93
19 32 630 601 311 94
19 35 665 600 311 93
19 35 661 600 310 94
20 30 652 601 309 95
20 32 651 600 310 94
19 33 636 600 309 94
19 28 642 601 309 94
19 26 665 602 309 94
20 29 667 602 310 93
21 26 652 601 311 94
20 27 636 600 311 94
20 27 632 601 312 94
20 28 632 601 311 94
21 28 649 601 310 94
22 25 641 600 310 95
21 26 645 601 310 94
22 26 656 600 310 93
23 22 633 600 310 93
23 19 669 601 311 92
24 16 658 600 310 92
24 13 666 600 309 93
23 16 652 600 309 93
24 16 665 600 310 94
24 12 641 600 310 94
23 8 645 601 309 95
22 12 663 600 310 96
22 13 661 600 311 95
23 17 652 600 310 95
24 17 652 599 310 96
23 19 663 598 311 96
24 20 662 597 311 95
0 18 636 598 310 95
1 13 637 598 309 96
0 10 666 599 308 97
1 11 657 598 308 97
0 7 632 598 307 97
0 2 653 598 308 97
1 4 666 597 307 98
1 6 654 597 307 98
2 8 634 597 306 98
2 8 630 598 307 97
1 5 650 598 308 98
1 7 663 599 307 97
2 10 662 600 306 96
3 5 667 601 307 95
4 4 647 601 308 94
4 3 655 601 309 93
5 3 651 601 309 94
4 0 639 601 309 93
3 0 657 601 309 93
4 2 636 601 308 94
5 6 657 600 308 93
4 4 658 601 309 94
5 0 640 602 310 93
5 357 662 601 309 94
4 356 650 600 308 93
3 353 668 600 308 92
4 352 648 601 307 91
5 351 654 600 308 91
6 353 657 601 308 90
6 353 633 602 309 90
5 348 646 601 308 90
6 349 649 602 309 91
6 351 647 602 309 92
6 355 644 601 310 91
7 355 665 601 310 92
6 354 651 601 310 92
5 354 641 600 309 91
4 357 652 599 308 91
4 358 651 600 309 90
3 356 653 601 309 89
2 356 652 602 309 89
3 354 666 601 308 89
4 350 662 600 307 89
4 346 647 601 308 88
4 344 650 600 307 87
5 342 633 601 307 88
6 342 656 602 306 88
7 340 639 601 307 89
7 343 650 601 307 88
6 340 638 600 306 88
7 335 648 599 307 88
8 334 649 599 307 89
7 331 661 600 306 88
6 335 639 600 307 88
5 334 663 601 308 88
6 335 654 600 308 87
6 334 660 599 308 88
5 331 644 598 307 89
5 334 632 598 306 89
6 332 654 599 306 90
7 331 635 598 305 89
8 328 649 599 306 88
8 324 665 600 305 87
7 325 654 599 304 86
6 327 650 600 304 87
6 327 642 599 305 88
7 324 640 598 305 88
6 324 651 598 304 88
6 320 664 599 304 87
6 317 639 599 303 87
7 313 631 600 303 87
8 308 637 600 304 86
9 309 638 601 304 86
9 307 630 600 303 85
10 306 666 601 304 86
11 304 630 600 305 86
11 302 642 601 304 86
10 297 652 601 304 87
9 292 668 600 303 86
10 293 633 599 302 86
10 295 658 599 302 86
11 292 637 599 302 85
12 289 662 598 301 85
12 289 652 598 301 86
11 291 662 597 302 86
10 294 655 596 303 85
11 297 665 595 304 85
10 298 655 594 305 84
9 293 631 593 304 84
9 289 644 592 303 85
8 285 663 591 302 85
8 289 652 591 302 84
8 291 667 591 302 83
8 294 662 591 301 83
7 292 646 591 301 82
6 296 661 591 301 83
6 292 639 591 301 83
6 289 649 592 300 83
7 291 662 593 301 82
7 291 657 593 301 83
6 286 659 594 300 83
5 286 637 595 299 83
6 282 663 596 298 84
7 281 640 596 299 84
6 279 658 596 299 85
7 282 634 596 298 84
8 281 644 596 298 84
9 280 643 596 297 84
9 280 664 595 296 83
8 283 651 594 295 83
9 284 659 594 294 82
8 285 637 593 293 82
9 283 667 594 294 81
10 285 668 595 293 80
9 283 643 595 293 80
9 285 654 595 294 79
8 283 668 594 294 80
9 279 652 595 294 80
10 280 654 594 295 81
11 280 651 595 294 81
11 277 651 595 295 80
10 280 644 595 296 80
9 279 653 594 296 81
8 280 663 593 296 81
9 281 647 592 295 80
8 283 647 592 294 80
9 287 647 591 293 80
9 282 638 591 293 81
8 279 644 592 293 80
9 275 649 591 293 79
8 279 659 590 293 79
9 281 630 591 294 79
9 277 660 591 295 78
10 277 656 591 294 77
10 281 657 590 294 78
10 276 637 590 295 78
9 272 655 591 294 77
9 270 638 592 293 77
9 268 630 593 294 78
9 263 654 592 295 79
8 258 667 592 296 78
8 254 654 591 296 79
8 249 638 591 295 78
9 249 636 591 294 79
9 251 669 590 294 79
8 247 635 589 294 80
9 247 632 590 293 81
8 244 645 590 293 80
9 246 639 591 294 81
8 244 661 590 293 81
9 241 662 590 292 82
9 236 641 589 291 81
8 234 633 588 291 80
7 233 653 588 290 80
8 235 642 587 289 80
9 238 633 587 290 80
8 237 648 586 290 79
8 234 668 585 290 80
9 236 651 584 291 79
9 231 642 584 291 80
9 233 643 584 292 79
10 233 664 583 293 80
9 236 647 583 293 79
10 238 648 582 293 80
10 233 641 582 293 79
10 229 663 582 294 78
10 226 631 581 295 77
10 221 636 581 294 77
9 225 645 582 294 77
10 221 667 581 295 77
10 222 639 582 294 77
9 217 647 581 294 78
10 213 651 580 293 78
11 209 637 581 293 77
12 207 667 582 292 77
12 203 668 582 292 78
11 205 657 583 293 79
11 207 659 582 294 78
11 208 660 583 293 77
10 205 659 583 294 77
10 201 663 583 294 77
9 198 658 583 293 76
9 194 649 582 293 76
8 193 665 582 293 75
8 194 640 583 294 75
9 191 637 583 294 75
8 192 631 584 294 76
8 195 649 584 294 77
8 196 647 584 293 78
7 196 661 583 293 79
6 195 634 582 294 78
7 191 639 581 294 77
7 195 643 581 295 77
6 194 647 581 294 78
6 195 642 580 293 78
5 194 657 580 294 78
6 193 652 579 295 78
6 190 650 579 294 79
7 190 656 580 293 79
6 191 653 579 294 79
5 195 652 578 295 78
4 192 631 579 294 78
5 193 639 579 295 77
6 195 654 579 295 78
7 198 648 580 294 78
8 200 664 580 295 78
7 201 668 579 294 78
7 200 663 579 294 78
7 197 653 579 293 79
8 200 666 578 294 79
8 202 630 579 294 79
7 202 654 579 293 80
6 197 636 579 293 81
7 199 644 578 294 81
6 202 647 578 295 82
7 200 635 577 296 81
7 196 663 577 295 82
6 194 669 577 295 83
6 189 634 577 295 83
5 192 632 578 296 83
6 192 667 577 297 84
7 191 650 577 296 85
7 191 668 577 295 84
6 190 631 577 294 83
5 194 636 576 294 84
6 198 639 575 293 83
7 200 660 574 292 83
6 203 647 573 292 82
7 200 636 574 293 82
8 198 642 575 294 83
7 197 668 574 295 84
6 198 648 575 294 84
7 195 661 576 295 83
8 191 652 575 296 84
7 192 638 575 296 85
6 187 643 576 296 84
7 190 666 576 295 83
6 186 647 575 296 82
5 182 656 575 296 81
6 178 668 574 296 80
6 176 667 575 296 80
5 172 650 575 297 81
6 169 648 576 298 81
5 168 640 577 297 82
6 169 631 577 296 81
5 172 641 578 297 80
6 174 633 577 298 80
6 175 656 578 298 79
5 177 664 577 297 80
4 180 638 578 296 80
3 183 661 577 295 81
3 181 660 577 294 80
3 179 651 576 294 79
2 181 660 575 295 80
1 181 650 576 295 81
2 182 633 575 296 82
3 184 662 575 296 81
3 186 630 575 295 82
2 187 654 575 294 83
3 191 660 576 293 84
2 190 641 576 292 85
1 191 661 576 292 85
2 186 659 576 292 84
3 185 637 575 291 85
2 183 662 575 292 86
1 179 664 574 292 86
0 179 652 573 292 85
0 177 638 572 291 86
0 178 666 573 290 85
0 179 643 573 291 85
0 181 662 574 290 85
0 178 667 575 289 85
1 174 634 575 288 85
2 172 665 575 288 85
1 168 649 576 287 85
0 167 648 575 286 85
0 165 639 576 286 84
0 167 666 576 286 84
1 163 646 577 285 85
2 162 630 578 284 86
2 164 642 579 284 85
2 168 639 580 284 85
3 172 631 580 283 86
2 168 662 581 283 86
3 164 633 581 284 87
3 167 649 582 283 88
3 167 658 582 283 89
4 162 645 581 283 89
3 161 634 580 284 88
4 163 646 580 283 88
5 158 646 579 284 88
6 153 647 579 285 88
6 157 667 579 286 88
5 156 637 579 285 89
4 157 645 579 284 89
4 153 661 578 284 90
4 154 657 579 284 90
5 153 669 578 285 90
4 149 649 579 284 91
3 149 664 579 285 90
3 144 662 579 284 90
2 147 634 580 285 90
1 145 640 579 285 89
2 148 644 580 285 89
1 150 634 580 284 90
0 149 649 579 284 89
1 151 633 579 284 89
2 152 646 579 284 88
3 156 667 580 283 87
2 155 648 581 283 87
3 157 669 581 283 88
4 158 630 582 283 88
5 153 646 582 284 89
4 152 648 581 285 88
3 155 632 582 284 88
4 157 639 581 285 87
4 152 668 580 285 86
5 147 651 579 286 85
6 149 654 579 285 85
5 150 667 578 285 86
5 154 662 577 286 85
5 151 646 577 285 84
4 148 630 577 286 83
5 143 664 577 287 83
6 142 667 578 287 84
7 143 664 578 288 84
8 142 642 579 288 84
7 144 647 580 289 84
7 139 645 580 288 84
7 135 666 581 287 84
8 131 654 580 288 84
7 127 647 581 288 85
8 131 648 581 288 84
8 131 654 581 289 83
9 132 662 581 290 82
10 128 631 580 291 82
10 128 659 581 290 81
10 132 641 580 289 82
11 133 657 581 290 83
12 129 642 581 291 83
12 132 669 582 292 82
11 129 666 582 293 83
10 128 656 582 293 82
11 129 665 582 293 82
12 125 666 581 294 82
12 123 633 580 294 82
13 125 632 580 293 82
13 125 662 579 293 81
14 128 637 580 293 81
15 130 665 580 294 82
15 129 636 579 294 81
14 125 635 579 294 80
14 123 636 580 293 81
14 120 630 579 293 81
13 116 645 580 294 81
13 111 639 580 295 80
12 110 639 579 294 81
11 107 632 578 293 81
10 111 659 579 294 81
9 110 642 578 294 82
10 107 665 577 295 81
10 103 655 578 294 81
9 106 634 577 293 81
10 104 653 578 292 82
10 107 631 579 292 81
9 106 654 578 291 81
8 106 630 578 290 81
7 107 668 577 289 82
6 102 661 576 289 83
6 100 649 577 288 84
7 95 655 578 289 85
6 99 652 578 288 86
7 100 644 579 287 85
6 103 640 578 287 86
5 103 646 578 288 86
4 101 654 579 289 86
4 96 663 580 289 87
3 96 642 580 290 88
4 94 639 580 290 87
5 92 666 579 291 88
5 92 634 578 292 88
4 94 658 577 291 88
3 96 654 576 292 88
3 95 637 576 291 89
4 93 642 577 292 88
5 92 662 577 291 87
5 93 635 577 292 86
4 91 645 576 291 87
5 88 657 575 290 86
4 91 636 574 290 85
5 92 631 574 289 86
6 90 632 573 289 86
7 85 631 574 288 85
7 81 660 574 287 85
8 76 668 573 288 85
8 72 649 572 289 85
7 73 650 573 288 85
8 72 658 573 287 84
9 67 633 573 286 84
8 63 635 572 286 83
8 59 648 571 285 83
7 56 633 570 284 82
6 54 669 571 283 81
7 54 669 571 284 81
7 58 632 572 283 81
7 54 658 571 284 82
8 55 640 572 283 81
7 52 669 573 284 80
8 51 654 573 284 79
9 50 667 574 285 78
8 48 669 573 285 77
9 44 661 574 284 77
9 40 660 574 283 77
10 42 664 575 282 77
9 41 667 576 282 78
10 43 658 576 282 79
11 41 650 575 281 80
10 39 655 574 280 81
10 37 656 574 281 82
9 35 656 574 281 83
9 34 631 573 280 84
8 34 660 573 280 84
7 35 653 574 279 85
7 32 656 574 278 85
6 30 654 575 277 86
7 33 634 574 277 87
6 37 662 573 276 87
5 33 651 573 275 87
6 36 651 574 275 88
7 37 634 575 274 87
8 39 640 576 273 86
7 34 645 577 274 87
6 34 644 577 274 88
6 32 658 578 274 88
6 36 649 579 274 88
6 37 667 579 274 87
7 37 650 579 274 88
6 34 632 579 274 88
7 35 668 580 274 88
7 35 654 580 275 88
7 36 653 581 275 88
8 34 652 581 276 88
9 35 651 580 275 88
8 31 646 581 276 87
9 30 652 581 276 86
10 32 643 580 277 87
10 31 651 579 276 87
11 30 633 579 277 86
12 31 643 579 277 85
13 34 631 579 277 84
13 37 652 580 277 83
14 33 666 579 276 83
13 29 643 578 277 84
14 29 640 579 277 83
14 24 655 579 277 84
14 26 658 580 277 84
15 23 639 580 277 83
16 26 631 581 277 82
15 28 639 581 277 83
14 28 667 580 277 82
13 25 666 580 276 81
12 21 638 581 276 80
12 23 641 580 276 81
11 27 665 580 275 82
12 22 666 579 276 81
13 20 666 578 277 81
12 15 645 577 277 81
12 18 656 577 276 82
12 18 664 576 276 82
11 15 634 577 276 83
11 18 651 578 276 82
11 15 641 577 277 82
11 18 630 576 278 81
11 20 662 576 279 82
11 20 639 575 280 82
10 23 630 575 280 81
9 20 640 576 279 80
9 24 657 575 279 80
10 25 630 574 279 79
11 23 665 575 280 79
10 25 637 574 279 79
9 20 656 573 278 79
8 17 656 573 278 78
9 12 650 572 279 77
9 9 636 573 279 76
8 6 665 573 280 75
8 5 660 572 280 75
7 0 646 572 281 76
6 355 640 571 281 75
6 352 645 570 280 75
7 349 663 571 281 76
6 345 665 571 282 76
7 345 669 571 283 75
8 347 647 570 282 75
9 346 630 569 282 76
8 343 630 570 281 77
8 343 649 569 282 77
7 339 667 568 282 78
8 339 656 569 281 77
8 338 643 568 282 76
8 340 636 567 282 76
7 336 632 566 281 77
8 338 662 567 281 78
7 338 630 567 282 78
7 338 664 566 281 79
6 337 639 566 282 80
6 336 635 565 282 81
5 333 643 565 281 81
6 328 666 565 281 82
5 328 659 565 280 83
6 332 637 565 281 84
5 331 668 565 282 84
6 330 640 564 281 84
5 326 640 564 280 84
5 328 642 565 281 85
4 328 647 565 281 85
4 326 634 565 280 86
4 328 637 564 280 87
3 331 652 564 281 86
4 329 661 565 281 86
3 328 659 565 281 86
3 330 642 566 281 87
4 331 646 565 280 88
5 332 638 566 280 87
6 335 653 566 281 86
5 331 643 565 281 87
5 331 662 566 280 88
6 327 646 567 281 88
5 323 664 567 282 87
6 322 668 567 281 87
5 324 642 568 280 88
4 320 660 568 281 88
3 317 668 567 280 87
4 313 643 567 279 88
5 311 643 567 278 87
5 313 662 567 279 87
6 314 643 568 278 88
5 318 665 568 278 88
5 313 630 569 278 87
6 317 638 570 278 86
7 318 657 570 278 86
8 314 666 569 279 87
9 315 646 568 279 87
10 315 641 568 280 88
9 314 669 568 279 89
10 318 657 568 278 89
9 321 652 569 279 89
8 317 643 568 279 89
8 313 638 569 278 88
8 315 630 569 277 87
7 316 647 569 278 86
6 312 653 570 278 86
6 313 646 570 279 87
5 308 632 571 279 86
6 309 653 572 279 87
5 310 632 573 279 87
6 314 635 572 279 87
5 315 668 571 280 86
4 314 633 572 279 87
4 314 648 572 278 88
3 309 633 572 277 87
2 308 652 573 277 86
3 303 659 574 277 87
2 304 643 574 278 86
1 302 658 573 279 87
2 302 649 572 279 86
2 306 660 573 280 85
3 306 655 573 280 84
3 305 639 574 280 83
3 305 667 573 281 84
4 304 664 574 280 85
3 301 648 574 281 86
2 305 661 573 282 85
2 300 668 572 281 84
3 296 651 573 280 83
2 298 656 572 281 83
1 299 650 573 282 84
2 297 642 573 281 85
3 293 636 574 281 86
2 290 646 575 280 87
2 294 638 576 281 86
2 298 658 576 282 85
1 296 662 575 282 86
1 299 656 576 282 87
1 299 659 575 283 87
1 297 638 574 282 87
1 300 658 574 283 87
0 301 665 574 282 87
1 301 653 573 283 88
0 299 656 574 282 89
0 295 639 573 283 88
1 293 636 574 283 87
2 291 643 574 283 87
3 294 669 574 283 87
4 294 651 574 283 87
3 297 664 575 283 87
2 296 637 576 284 87
3 294 644 577 284 88
2 289 648 578 284 89
3 287 651 579 283 88
2 282 669 579 282 89
3 284 669 580 282 89
4 283 657 579 283 89
5 284 648 579 284 88
4 287 654 578 284 87
3 290 667 579 285 86
3 290 642 580 285 87
2 291 641 581 285 86
2 287 657 582 285 87
1 291 643 581 285 88
2 290 660 582 285 87
2 286 654 582 285 87
2 289 659 581 285 88
2 292 667 581 284 87
1 294 639 581 283 86
0 291 661 581 284 87
1 292 649 580 283 86
2 290 660 579 282 87
3 293 631 579 282 88
3 297 656 580 283 88
2 293 653 580 284 89
2 291 641 581 285 90
1 289 656 580 285 91
1 287 643 580 284 91
0 283 638 580 285 91
1 287 654 581 285 92
2 283 659 582 285 92
3 285 659 582 286 91
4 282 645 583 287 90
4 286 651 583 287 91
4 289 631 584 286 92
5 288 633 584 286 93
4 287 651 583 285 92
3 287 639 582 285 92
4 283 641 581 286 91
3 280 645 581 286 92
2 280 653 581 285 93
3 282 638 582 286 92
3 280 653 583 287 91
2 275 669 582 286 91
2 271 664 582 287 91
3 271 652 581 287 91
3 268 643 581 288 90
2 270 636 581 287 90
2 270 638 580 288 89
1 266 632 581 289 90
1 266 644 581 290 90
1 267 644 580 291 91
1 268 656 580 292 91
2 268 650 579 292 92
2 272 667 579 293 91
2 268 669 580 294 90
2 268 666 580 294 89
3 265 662 581 293 89
3 261 637 582 293 89
4 262 659 582 292 88
3 262 635 583 293 88
2 264 632 583 293 89
3 260 665 584 294 88
4 263 669 583 295 88
5 260 650 583 295 87
6 255 662 584 294 88
6 259 641 584 295 88
7 261 641 585 295 87
7 259 635 584 296 88
6 260 633 583 297 88
6 263 632 582 297 89
7 265 641 582 296 88
8 267 664 583 296 88
9 268 637 583 296 87
8 266 651 583 296 87
7 263 658 582 295 88
6 261 633 581 295 87
7 256 645 582 296 88
7 251 633 581 297 89
7 252 633 580 298 90
7 253 646 579 298 89
8 248 633 580 298 88
7 246 667 581 297 89
8 243 661 582 298 89
9 241 640 582 297 89
8 245 665 583 296 88
9 249 669 582 295 87
9 245 640 581 294 87
10 242 636 582 295 87
9 241 631 581 296 87
10 240 652 580 296 87
9 242 662 580 296 88
10 237 640 579 297 88
10 233 657 579 298 89
11 229 655 578 297 90
12 224 668 577 296 89
12 227 668 578 297 88
11 229 637 578 298 88
11 231 663 577 297 87
12 233 651 576 298 87
12 230 659 575 299 86
12 230 644 574 299 87
11 230 647 573 298 87
10 225 667 573 297 86
10 229 665 573 296 87
11 233 648 573 295 86
10 234 652 574 295 87
10 235 634 573 295 86
11 236 659 573 295 87
11 236 655 572 294 88
10 236 646 571 294 88
10 236 667 571 293 89
10 235 634 570 293 90
10 231 654 569 293 91
9 226 646 568 294 91
8 225 632 568 295 92
9 228 665 568 296 93
8 229 647 569 295 92
8 230 647 570 294 93
8 229 633 570 293 92
7 224 635 570 293 93
6 219 652 571 293 93
6 217 663 572 293 94
6 219 666 573 292 93
5 217 638 572 291 94
5 212 642 571 290 94
4 207 660 571 289 93
3 205 658 570 289 94
4 201 668 570 290 95
5 200 640 569 289 96
5 201 647 568 290 97
5 196 639 567 289 96
6 198 669 567 289 96
7 193 646 568 290 97
8 195 668 568 291 96
8 193 644 568 292 97
7 193 638 568 293 98
6 194 647 569 292 99
5 194 664 568 293 98
4 195 651 569 292 97
3 190 630 568 292 96
2 191 648 567 291 95
1 194 635 566 291 96
2 192 668 566 290 97
3 189 668 567 291 96
4 190 631 567 290 97
4 193 636 566 289 97
5 190 645 566 289 97
4 191 651 565 290 97
3 191 646 565 291 98
4 188 633 566 291 97
3 187 648 567 292 96
3 183 647 567 291 97
4 182 646 566 291 97
4 183 653 567 292 96
5 184 665 567 293 96
5 183 662 568 293 95
5 181 668 569 292 94
4 177 647 570 293 94
5 172 630 570 292 93
5 168 656 571 293 94
6 171 640 570 294 94
5 166 650 570 295 94
4 164 645 571 294 95
4 160 640 571 294 96
5 156 665 571 295 97
5 159 665 571 295 97
4 163 658 571 295 98
3 164 633 571 296 99
2 160 659 572 295 98
3 164 632 571 294 97
2 168 663 570 293 98
1 170 650 570 292 99
2 167 658 570 293 100
3 165 638 570 294 99
3 168 643 571 294 98
2 171 643 572 293 99
2 172 661 573 292 98
1 174 661 572 293 99
2 177 668 573 293 100
3 179 639 574 292 101
4 183 652 573 291 102
5 187 657 572 292 101
6 186 637 571 292 102
5 184 665 570 292 103
5 180 659 570 292 104
5 177 669 569 292 105
5 179 666 569 293 104
5 179 631 569 293 105
5 183 654 568 294 104
5 179 658 568 295 105
5 182 655 567 294 105
6 179 658 568 295 106
7 176 667 569 294 106
7 175 641 569 293 107
6 173 662 569 293 106
5 173 652 570 292 106
4 173 652 569 292 107
5 170 645 568 292 108
6 170 662 569 293 107
7 166 657 570 294 107
6 167 658 571 295 106
5 169 666 572 296 107
6 168 653 571 297 106
7 171 648 572 297 105
7 174 636 573 298 105
7 174 657 573 298 104
6 174 648 574 298 103
7 178 664 573 298 103
8 178 638 574 298 103
7 182 658 573 299 102
8 184 646 574 299 101
8 182 651 575 298 101
7 184 651 575 299 101
6 183 648 576 299 102
7 185 665 575 299 102
6 184 655 576 298 102
5 180 653 576 299 103
6 177 641 577 298 104
7 179 653 578 297 105
8 181 665 577 297 104
8 176 632 578 298 103
9 174 653 577 298 104
9 169 631 576 299 104
9 168 657 577 298 104
8 170 643 576 299 104
9 167 651 576 298 105
8 170 632 577 298 106
9 165 649 577 297 106
10 168 639 576 296 107
11 166 655 575 295 108
11 164 649 574 295 108
10 160 638 573 296 107
11 155 646 572 296 107
10 153 656 573 296 108
9 151 669 572 296 108
8 149 638 573 295 109
7 149 638 573 295 109
6 147 658 574 296 110
7 142 667 573 296 111
8 145 633 572 297 111
9 148 636 571 296 112
10 145 665 570 296 113
11 145 633 570 296 114
10 148 665 571 295 113
9 147 666 571 294 112
8 149 631 572 293 113
9 146 635 573 293 112
8 144 667 573 294 113
9 143 658 572 294 113
9 147 657 572 295 113
9 145 642 573 294 113
9 144 652 574 295 114
9 147 642 573 294 115
10 145 646 574 295 114
11 145 646 575 296 115
11 147 645 575 295 116
12 145 654 574 295 117
11 148 632 574 294 117
12 146 669 574 294 116
12 146 631 574 293 116
12 147 634 573 293 116
11 151 642 574 293 117
12 150 642 575 293 117
12 146 664 575 292 116
13 150 638 575 293 115
14 149 664 576 293 116
13 149 663 577 292 115
14 146 638 578 292 114
14 150 632 577 291 114
13 152 635 577 290 113
12 148 660 578 290 113
13 151 663 577 291 112
14 154 646 576 290 111
13 149 667 577 290 110
13 148 663 578 291 110
14 146 664 579 291 110
15 141 657 580 292 110
15 138 636 580 292 111
16 141 634 581 291 111
16 136 643 580 291 112
16 134 668 581 290 112
17 135 651 580 291 112
16 134 649 580 291 113
16 135 656 580 290 113
15 139 660 580 291 113
14 140 646 581 290 112
14 144 658 582 290 111
13 144 630 581 291 112
12 144 630 582 291 112
13 148 656 581 292 111
13 151 644 582 293 112
14 150 647 582 294 111
13 147 653 583 294 110
13 146 643 583 295 110
14 144 664 583 294 109
13 144 664 582 294 109
12 148 634 582 293 108
12 144 652 581 292 109
13 140 652 580 292 108
14 143 646 581 292 109
13 143 658 582 291 110
13 142 635 581 291 109
13 145 659 581 290 109
14 146 635 581 291 110
15 146 636 580 291 109
16 147 657 581 290 108
16 145 663 582 290 109
16 141 664 582 289 109
16 137 648 583 289 109
15 140 633 584 290 108
16 144 648 585 291 109
17 146 657 585 292 108
17 142 650 586 291 108
16 138 648 587 292 108
17 133 643 587 291 108
18 133 645 586 291 108
17 136 646 585 291 107
18 134 638 585 290 108
19 130 644 586 289 107
18 128 652 585 288 106
19 123 658 584 287 107
20 119 635 583 287 106
20 121 637 582 288 107
20 124 639 582 289 107
21 120 648 583 288 108
20 117 635 582 289 107
19 113 661 583 289 107
20 112 660 583 290 106
20 112 666 583 290 105
21 107 635 583 291 106
20 106 650 583 291 106
20 105 648 583 290 105
19 102 636 584 291 104
20 99 634 584 291 104
20 97 649 584 291 105
20 92 668 584 292 106
21 91 654 584 291 107
20 89 658 584 291 107
21 86 641 585 292 106
22 85 657 585 291 105
23 86 648 585 291 106
22 86 661 585 291 106
23 89 652 584 292 106
23 89 668 583 292 107
24 89 660 584 291 106
23 92 657 584 290 107
22 87 654 583 290 108
22 83 660 584 289 107
22 81 664 584 290 108
23 78 668 584 289 107
24 81 669 583 288 106
23 80 631 584 288 107
24 83 666 583 288 107
23 79 665 583 288 107
23 80 632 582 287 107
24 77 657 583 288 106
23 74 635 584 289 107
22 74 634 583 288 107
22 77 664 584 287 107
23 73 638 585 288 108
23 77 662 585 288 109
24 78 637 585 287 110
0 75 659 585 286 109
0 79 643 584 286 109
1 78 638 583 287 109
1 80 656 583 286 108
2 79 652 583 285 107
3 79 658 583 284 108
2 76 644 582 283 107
1 78 662 583 284 108
0 82 645 582 283 107
0 82 651 583 284 108
0 80 639 584 285 108
1 80 632 583 285 107
2 75 646 584 284 108
1 79 660 585 285 108
2 82 650 584 286 109
2 83 660 584 287 108
3 87 652 584 287 109
3 83 651 585 286 109
4 81 667 584 285 108
5 80 658 583 285 107
5 83 668 584 286 108
4 82 647 584 285 109
4 85 655 585 285 109
5 85 659 584 286 108
6 81 645 585 287 109
5 76 652 584 286 108
6 79 655 585 286 109
5 74 633 586 287 110
5 78 666 585 286 111
5 74 660 585 285 110
6 74 654 586 286 111
6 77 634 587 287 111
5 78 653 588 286 110
4 75 647 588 286 110
3 72 641 587 287 111
4 74 662 587 288 112
5 70 646 588 287 111
4 73 661 587 288 110
3 72 638 586 288 111
3 72 653 585 288 112
3 67 651 585 289 113
2 65 639 586 288 114
1 60 631 587 287 114
1 61 642 588 288 113
2 56 639 589 289 113
1 57 658 590 290 114
1 58 661 590 289 115
0 60 667 591 289 116
1 62 636 592 289 117
2 64 644 593 289 117
3 65 637 592 289 116
3 66 663 591 288 116
3 61 656 592 289 117
2 56 645 592 288 117
1 56 655 593 289 116
1 52 655 594 289 115
2 49 636 595 289 116
2 47 664 595 290 115
2 49 666 596 290 116
2 45 663 597 289 117
3 43 657 596 288 117
2 44 632 596 289 117
2 42 634 597 289 118
3 42 667 598 288 117
4 46 666 598 289 117
5 50 636 598 289 117
5 47 660 598 288 116
4 50 634 597 287 115
5 51 638 596 288 115
4 55 653 597 288 116
5 53 661 596 288 117
6 50 647 597 288 116
5 46 668 597 288 117
4 50 667 596 287 117
4 46 646 597 287 116
4 43 659 596 288 117
3 46 669 597 289 117
3 50 660 598 289 118
2 49 643 598 290 118
2 52 669 599 289 118
3 52 638 600 290 117
3 52 645 601 291 117
2 48 664 601 292 118
1 48 667 601 292 119
1 46 643 602 292 119
2 50 648 601 292 120
3 47 651 602 292 121
2 42 639 602 293 120
1 44 646 602 292 120
1 43 645 601 293 121
1 42 654 601 293 121
0 44 667 600 293 120
1 46 646 601 293 119
1 44 633 602 294 118
1 42 643 603 294 117
2 41 654 604 295 118
3 43 649 603 296 117
3 39 651 602 296 117
3 36 646 601 296 117
4 37 638 600 297 116
5 40 644 599 296 115
5 44 666 600 295 115
6 40 631 601 295 116
7 38 636 602 295 117
6 39 638 603 296 118
6 35 633 603 295 117
5 36 638 603 296 116
5 35 667 602 295 116
4 35 633 603 296 117
3 39 635 602 296 117
4 35 662 601 295 117
5 39 634 602 296 118
5 40 666 601 297 118
5 37 664 600 296 119
5 36 643 601 296 120
5 37 630 600 295 121
6 32 644 600 296 122
7 31 647 599 297 123
8 34 660 599 297 123
9 32 634 600 298 123
8 31 641 601 299 122
7 26 667 602 299 123
