6 8 669 600 299 100
5 3 658 600 299 101
4 5 652 601 298 102
3 9 655 602 297 103
4 12 651 601 298 104
4 15 654 601 298 105
4 16 642 601 298 105
5 11 635 600 297 104
5 7 657 601 298 104
6 10 644 601 299 104
6 14 648 601 300 104
6 15 661 601 299 103
6 10 651 600 300 104
5 5 667 601 300 105
4 9 659 602 301 104
3 8 643 601 300 104
4 9 639 600 301 104
5 6 644 600 301 104
6 5 665 601 302 103
7 6 648 600 302 102
7 9 659 599 301 103
6 9 640 600 302 102
6 11 658 599 303 101
5 12 646 600 303 100
4 13 643 600 304 99
5 8 644 599 303 99
4 10 658 598 302 99
4 8 658 599 303 100
3 10 658 599 303 99
2 14 646 600 302 99
3 16 669 599 301 98
2 13 636 600 302 98
2 11 636 600 303 98
1 10 630 599 303 99
0 10 642 599 304 100
1 5 653 600 304 101
2 1 643 601 305 101
1 358 669 602 306 100
2 355 634 602 306 100
3 350 640 603 305 99
4 349 639 602 306 98
4 346 666 601 307 98
5 346 646 601 307 98
6 341 650 602 307 97
7 338 636 603 308 98
8 340 641 603 308 98
9 342 637 603 309 99
8 340 635 603 310 100
9 337 649 604 310 100
8 341 634 605 311 100
7 345 636 606 312 100
7 348 643 606 313 100
7 348 644 606 313 99
6 348 665 606 314 98
6 349 669 605 315 99
5 344 654 604 316 98
4 339 640 605 315 99
5 340 633 606 316 98
4 340 642 607 315 98
3 344 657 607 316 98
3 339 640 606 315 98
4 336 640 605 315 98
3 340 639 604 314 98
3 336 667 605 315 99
2 331 666 604 316 100
3 332 662 605 317 101
4 329 636 605 316 101
4 332 630 606 316 102
4 333 653 605 316 102
3 333 631 606 315 102
2 333 657 607 316 102
1 329 644 606 317 103
2 329 667 606 317 104
2 330 637 606 318 104
2 328 632 607 317 105
1 332 651 607 316 105
1 327 664 606 317 104
0 330 655 607 316 104
0 332 647 607 317 104
0 331 657 608 316 105
1 333 642 608 315 106
1 336 630 608 314 105
0 331 645 607 313 104
0 335 641 608 312 104
1 338 639 608 313 103
1 340 667 609 312 104
2 340 665 608 311 104
2 338 661 607 312 104
1 334 667 606 312 104
0 330 634 605 313 103
0 327 630 604 314 104
1 325 659 605 315 104
0 320 633 606 314 103
1 317 659 607 313 102
1 317 642 606 314 103
2 317 641 605 315 103
3 317 669 606 315 103
3 313 668 607 315 104
2 310 634 608 315 103
1 309 642 608 315 103
2 313 665 608 315 102
3 310 665 608 315 102
3 314 648 607 314 102
4 310 647 608 313 102
5 312 661 607 314 102
4 307 637 606 315 102
3 310 631 607 314 101
3 308 638 607 313 102
2 310 638 606 312 103
2 311 647 607 311 102
3 310 634 608 311 101
3 307 647 607 310 101
2 309 632 607 311 101
2 312 630 606 312 102
3 309 649 605 313 103
4 307 651 605 314 104
4 309 645 605 315 104
3 306 661 605 314 105
3 310 652 604 314 104
3 313 652 605 315 103
4 314 660 605 315 104
4 310 665 604 316 104
3 308 662 605 315 104
3 310 640 604 316 105
2 305 659 605 315 104
2 303 639 604 316 103
2 305 636 603 317 102
3 301 639 602 316 102
4 299 647 603 316 101
4 300 639 602 316 100
3 302 644 601 316 99
2 297 641 602 315 100
3 294 655 602 315 100
2 297 668 601 315 100
1 301 632 602 315 101
2 304 665 602 314 101
1 304 669 601 313 101
0 307 650 601 312 100
1 310 633 601 312 100
1 307 661 601 311 99
0 311 637 600 312 98
0 306 631 601 313 98
1 306 644 600 314 97
2 303 660 601 315 96
2 299 669 602 314 95
2 299 651 602 313 94
2 299 657 601 312 93
2 300 647 601 312 93
3 299 668 601 312 92
3 298 649 602 313 91
2 293 664 601 313 91
3 297 658 602 312 90
2 300 644 602 312 91
2 302 661 602 313 92
1 302 635 602 314 92
0 298 665 602 313 91
1 298 632 602 313 92
1 296 660 603 312 93
0 293 663 602 311 93
1 289 635 602 312 92
2 287 655 601 311 93
1 288 647 602 310 94
0 283 651 601 309 94
1 287 635 602 309 93
2 287 663 602 310 92
1 284 665 602 310 91
0 279 664 602 311 90
0 280 642 601 310 91
0 281 636 602 310 92
0 280 660 602 311 92
1 279 647 601 312 93
1 278 663 602 313 93
1 282 663 602 313 92
1 278 649 601 313 92
1 279 639 601 312 92
0 283 640 602 313 93
1 286 656 601 312 92
0 288 646 600 311 93
0 283 630 600 312 94
1 281 647 599 312 93
2 284 669 598 312 93
2 284 630 597 311 94
2 282 643 598 310 95
2 282 646 598 311 95
2 279 649 598 312 96
2 283 654 597 312 95
2 284 659 597 311 95
3 283 644 597 312 95
2 279 655 598 313 94
3 277 658 598 313 94
4 273 658 598 314 95
4 274 639 598 314 94
3 276 637 597 315 94
4 274 636 596 316 94
4 276 645 596 315 95
4 275 640 595 314 95
5 271 666 596 314 94
5 274 662 596 314 94
4 269 647 595 315 94
3 272 667 594 314 93
3 271 632 593 314 94
2 275 652 592 313 95
3 275 634 593 312 95
4 270 636 594 311 94
3 269 643 593 311 95
4 266 668 593 311 94
5 265 650 594 311 94
6 266 651 593 310 93
7 266 641 594 311 93
8 265 662 593 310 94
8 261 630 592 311 94
9 260 650 593 312 93
9 257 649 593 311 93
9 257 660 593 310 93
10 259 655 592 309 93
9 259 650 593 308 94
9 261 637 593 309 95
10 258 636 594 309 95
10 254 664 594 310 94
10 249 651 594 309 95
11 251 632 594 308 94
12 253 650 593 307 95
12 251 669 593 308 94
12 249 657 594 308 94
13 250 665 593 308 95
13 249 655 593 307 94
12 250 660 592 308 93
11 248 640 591 307 92
12 251 638 590 306 92
12 253 661 590 306 93
11 250 663 591 305 94
10 245 650 590 305 94
11 243 643 591 304 94
12 245 641 590 303 95
12 249 641 589 302 96
11 247 644 588 303 97
10 243 665 588 302 96
9 247 656 587 303 97
9 244 661 586 303 98
9 248 669 586 302 98
10 244 632 586 303 99
9 247 643 586 302 100
8 251 643 586 301 101
8 252 632 585 302 100
8 253 647 584 302 100
9 255 644 583 302 100
10 252 667 582 302 101
10 250 669 582 303 101
11 248 638 583 302 102
12 247 663 582 303 102
12 249 665 582 302 102
13 247 660 582 301 101
14 242 667 582 301 100
14 242 658 582 301 101
14 245 664 582 301 101
14 245 635 583 302 101
13 241 643 583 302 101
13 240 654 584 303 100
13 238 663 585 302 100
13 236 652 586 302 101
13 231 653 586 302 102
13 232 645 587 303 101
12 232 631 588 302 102
11 235 633 589 303 103
11 230 660 590 303 104
12 232 666 590 304 105
11 234 635 589 303 106
12 234 639 590 302 105
11 229 666 591 303 105
11 231 653 591 303 106
10 235 648 591 303 107
11 239 647 590 304 108
11 236 653 590 304 108
11 236 669 591 305 108
11 239 660 590 304 107
12 238 633 590 305 107
13 242 638 590 305 107
14 240 652 590 304 107
14 236 639 590 303 108
15 231 664 591 303 108
14 233 662 590 302 109
15 230 647 589 301 109
15 228 637 590 301 108
15 232 641 590 301 108
14 232 641 589 300 108
15 227 636 589 299 107
15 223 643 589 299 106
15 219 652 589 298 105
16 221 659 589 298 105
15 223 651 588 298 104
16 222 630 588 297 104
15 224 642 588 298 103
16 227 638 587 297 103
16 226 646 587 296 102
16 229 639 586 297 103
15 231 654 587 298 102
15 229 642 588 299 102
15 229 641 587 299 102
14 224 634 587 298 102
15 226 646 587 299 101
15 221 660 587 298 100
15 219 659 588 299 99
16 221 659 588 300 99
15 221 639 587 300 98
16 223 649 586 299 99
15 221 668 586 300 98
16 216 665 587 300 98
16 219 661 587 299 98
16 222 664 587 299 97
16 225 638 588 300 98
15 220 644 588 300 97
16 216 633 589 299 98
16 217 652 588 298 99
16 220 661 589 297 99
17 219 654 589 297 99
16 220 657 589 297 98
16 216 664 588 296 98
17 220 663 587 296 99
18 224 638 587 296 99
17 224 652 587 296 98
16 227 642 586 295 98
17 230 660 585 294 98
16 234 641 586 295 99
15 229 660 585 294 99
16 230 641 585 295 98
17 233 640 584 295 99
18 232 664 585 296 99
18 232 643 584 296 100
19 227 663 583 296 99
18 224 637 583 295 98
18 228 662 582 294 97
18 229 647 582 295 96
17 228 665 582 294 97
17 228 635 583 293 98
17 226 639 582 292 99
18 224 639 583 291 99
17 228 658 584 290 100
18 227 632 583 291 100
17 229 634 583 291 100
17 225 652 584 292 99
17 222 652 584 291 99
18 222 640 585 290 99
18 224 640 585 289 100
17 221 633 585 289 100
18 222 640 585 289 101
17 221 631 585 288 101
16 220 636 586 289 101
17 216 644 586 289 101
18 213 658 585 288 102
19 209 643 586 288 102
18 210 641 585 289 101
18 214 636 586 289 101
17 214 646 586 290 102
17 209 643 586 290 102
16 205 656 587 290 103
17 209 665 588 289 104
18 208 646 587 288 105
19 205 635 588 287 106
18 201 640 589 288 105
19 196 663 590 288 105
18 191 651 591 288 104
19 190 646 590 288 105
20 190 653 589 287 106
19 188 660 588 287 107
19 191 631 588 287 107
19 186 635 588 286 108
20 181 642 588 287 107
21 180 638 588 288 108
21 177 650 589 289 109
21 179 658 590 290 110
22 176 631 591 289 109
22 171 646 590 288 108
23 169 643 589 288 108
24 166 668 589 287 107
23 161 636 590 288 107
22 162 665 589 287 108
21 159 642 588 288 109
22 154 647 588 287 108
23 153 661 587 286 107
22 152 642 586 286 108
22 156 653 587 286 107
22 154 656 587 287 106
23 158 637 588 288 107
23 155 658 588 287 107
22 151 633 588 286 107
21 150 655 587 287 108
22 150 635 588 287 109
22 145 657 587 288 108
21 144 661 587 288 107
22 146 631 587 287 106
23 145 657 587 286 107
23 148 666 587 287 106
24 147 668 587 287 105
23 151 661 587 287 105
24 146 664 587 288 105
24 147 644 587 287 105
0 146 648 587 286 105
0 148 653 588 287 104
1 146 662 587 288 103
2 142 644 586 287 102
1 144 664 587 286 101
1 147 648 588 287 100
0 142 656 587 288 101
0 144 644 586 288 101
0 147 635 586 287 102
1 144 657 587 286 102
1 148 649 588 286 102
0 150 664 589 287 102
1 152 659 590 286 103
0 148 660 589 285 102
1 146 650 588 286 102
1 146 652 589 286 101
2 144 667 588 285 101
1 144 654 588 285 102
0 146 657 589 284 101
0 145 647 589 284 102
1 147 634 590 284 102
2 149 664 591 283 102
2 153 635 590 283 101
1 154 660 589 282 102
2 155 631 588 282 101
2 154 669 589 283 102
1 155 657 589 284 101
1 159 637 588 284 100
2 154 667 589 284 100
1 150 656 588 285 101
0 154 639 587 284 102
1 153 646 588 283 103
0 153 651 587 284 103
1 155 639 586 283 102
0 155 633 586 283 103
1 151 657 586 282 103
2 153 644 586 282 103
3 152 668 586 281 104
4 153 654 586 282 103
3 151 661 585 282 103
2 146 637 585 283 102
3 141 655 585 283 102
2 144 646 585 282 101
2 148 661 584 283 101
2 149 641 584 283 102
1 152 662 583 284 101
2 148 660 583 284 102
1 146 656 583 284 102
2 147 659 582 284 102
1 148 653 583 283 101
2 152 636 583 283 101
2 148 652 583 284 102
1 151 641 584 285 102
1 155 639 583 286 103
1 156 662 583 285 102
1 157 666 584 285 101
0 155 666 584 284 102
0 155 660 583 283 102
1 158 634 583 283 102
2 157 654 582 284 102
2 159 633 582 283 101
1 162 656 581 282 100
0 164 635 580 282 101
1 161 668 579 283 100
1 159 640 578 282 99
1 155 635 577 281 98
0 152 661 576 282 99
1 155 669 576 283 100
0 159 638 577 284 101
1 160 669 577 285 100
2 158 664 576 286 100
1 154 664 577 285 100
0 152 634 577 284 99
1 150 662 578 283 100
2 149 659 578 284 99
2 144 634 577 284 100
2 139 638 578 284 101
3 134 653 579 283 100
2 130 633 578 284 101
2 133 656 577 284 101
3 137 645 576 284 102
2 139 638 575 284 103
1 134 656 576 283 103
0 135 632 577 283 104
1 138 638 578 284 105
0 138 642 579 285 106
1 140 662 580 284 105
2 135 651 579 285 106
1 137 640 580 284 106
0 139 635 579 285 106
1 138 667 579 284 106
1 138 630 578 283 107
2 135 644 577 284 107
1 138 646 578 283 108
2 136 635 579 282 107
2 135 630 578 283 107
1 130 631 579 282 108
2 130 656 579 282 108
3 134 657 580 282 109
3 136 656 580 281 110
4 137 654 579 281 109
3 140 634 578 280 108
3 144 653 579 280 108
2 141 647 580 279 109
1 140 648 580 278 109
2 141 655 579 279 108
3 142 648 580 278 108
3 143 654 580 279 108
4 145 664 579 279 109
5 142 649 578 279 109
5 145 659 578 278 109
4 146 666 578 278 110
4 144 657 579 279 110
4 146 663 578 279 110
3 149 652 579 278 109
3 148 650 579 279 109
4 150 641 580 280 108
5 145 642 581 281 107
4 143 666 581 282 106
4 145 640 581 282 106
5 144 656 580 283 107
5 148 652 581 283 106
5 150 636 582 284 107
4 147 662 581 285 107
4 148 646 580 285 106
4 151 665 580 286 107
5 152 631 579 286 108
4 150 666 579 287 109
3 146 632 578 286 108
2 147 638 578 286 109
2 145 645 579 287 109
1 149 650 580 288 108
2 150 660 579 288 109
1 152 661 579 289 110
1 152 631 579 289 110
0 152 633 579 290 109
1 154 665 579 290 108
1 158 640 579 290 108
0 155 669 578 290 109
1 151 649 578 291 109
0 146 633 578 290 109
1 143 666 577 289 108
1 141 649 577 290 109
1 145 664 578 291 109
2 143 640 577 292 109
2 147 658 577 291 109
3 148 648 578 290 108
3 148 652 578 289 107
4 143 667 578 290 108
5 140 648 578 291 108
6 137 666 577 290 107
6 134 648 578 291 106
6 136 649 577 291 107
7 140 654 576 292 108
6 143 661 577 293 109
6 140 637 578 292 110
5 144 662 579 292 109
4 140 641 578 291 109
4 139 639 579 292 109
5 137 633 578 291 109
6 135 668 577 292 109
7 133 638 576 291 110
8 130 642 577 292 109
8 127 636 576 293 108
8 126 633 576 292 109
7 121 638 576 291 109
7 120 637 577 290 109
7 115 662 577 291 109
8 116 652 578 291 110
7 118 666 577 290 111
6 122 634 577 290 111
5 123 660 578 289 112
5 124 632 578 289 112
6 122 632 579 290 112
7 124 635 579 289 111
7 122 665 580 289 112
7 121 648 581 288 113
6 119 638 582 287 112
5 117 653 582 287 113
5 116 661 581 288 114
4 120 650 580 288 113
5 123 635 580 288 113
4 119 638 581 289 113
5 123 650 582 290 112
4 127 669 583 291 113
3 124 649 584 292 112
2 120 647 583 291 111
3 116 659 583 292 111
2 115 636 582 292 110
1 111 646 583 291 110
2 106 667 582 291 110
2 105 652 581 290 111
3 101 641 581 291 110
4 105 630 580 291 109
5 107 646 579 291 108
5 104 637 578 292 109
5 100 635 579 293 110
6 104 635 579 293 109
5 99 655 580 294 108
6 96 639 579 294 107
7 94 657 579 295 106
8 90 638 578 295 105
8 87 663 579 294 104
9 82 637 578 295 103
9 80 645 578 294 104
8 77 652 577 295 105
9 80 633 578 294 105
9 82 661 579 294 104
10 81 651 579 293 104
11 84 659 579 292 104
11 85 649 578 291 105
10 86 646 577 290 104
10 86 640 578 289 103
10 90 642 579 288 102
10 88 646 578 288 103
11 86 648 577 287 104
12 84 644 577 288 105
12 88 653 576 287 104
12 86 656 577 287 103
11 86 656 578 288 102
10 87 640 578 287 103
10 85 648 579 286 102
9 81 659 578 285 102
8 84 649 577 284 101
9 79 665 578 285 100
8 80 656 579 286 100
7 78 666 580 287 99
8 77 652 580 288 98
9 79 644 581 288 97
9 83 669 582 287 98
10 78 661 582 286 99
9 81 650 581 285 100
9 84 648 580 285 99
8 88 635 581 286 100
7 83 653 580 285 99
8 85 638 579 286 100
9 88 632 578 286 99
8 90 645 579 285 98
7 90 635 580 285 99
7 92 644 580 285 98
6 93 656 581 285 98
6 89 649 581 284 99
5 88 646 582 283 100
6 91 637 582 282 99
5 92 667 582 282 98
4 93 647 582 282 99
3 91 650 581 283 98
4 88 633 582 283 98
3 87 636 583 283 98
3 83 635 583 282 99
2 87 642 584 281 100
3 85 652 584 280 100
2 89 634 584 279 99
3 92 639 583 279 98
2 96 631 584 278 98
1 94 658 583 278 98
2 93 659 583 278 99
2 97 634 583 279 100
1 95 639 584 280 99
2 96 643 584 279 100
2 94 651 583 279 101
1 89 661 582 278 102
0 93 664 583 279 102
0 96 665 584 278 101
1 96 642 583 278 100
2 99 649 582 278 101
3 103 659 582 277 101
2 104 653 581 278 100
3 107 650 580 279 101
2 103 659 581 280 101
1 105 658 580 281 102
0 103 655 579 281 102
1 103 646 579 280 102
2 98 648 578 280 101
3 96 642 579 281 101
2 97 651 579 281 100
1 94 653 579 280 101
0 97 666 578 279 100
1 96 635 577 278 100
2 99 645 577 277 99
3 101 654 577 276 98
3 101 649 578 277 99
4 98 635 577 276 98
4 93 663 576 275 99
4 90 643 575 274 98
3 92 659 574 274 97
2 88 648 573 275 97
1 90 662 573 276 96
2 91 639 572 276 97
3 95 630 573 275 97
4 94 636 573 275 96
4 97 641 572 275 97
3 98 632 572 276 98
2 99 657 571 276 97
3 96 646 571 275 96
3 94 658 571 274 95
3 97 653 571 274 96
2 99 664 572 273 95
3 98 632 571 273 96
2 93 660 570 273 95
2 90 657 571 273 96
2 92 653 571 274 95
2 89 636 570 275 96
2 88 660 571 275 97
3 89 631 571 274 96
2 84 664 570 274 97
2 88 631 571 273 96
3 86 657 572 272 97
2 87 637 573 273 97
2 85 657 572 272 97
1 80 639 572 271 96
1 82 652 571 270 97
1 81 643 570 271 96
2 81 649 571 271 96
3 79 669 570 271 97
3 74 641 571 271 97
2 77 657 572 270 96
1 74 669 571 271 96
2 77 636 570 272 95
1 80 637 569 271 95
0 76 645 569 271 96
1 71 635 568 270 95
0 68 632 567 271 96
0 68 646 566 270 95
1 70 667 567 271 95
0 66 651 566 272 96
1 61 657 566 273 96
0 64 663 566 273 96
0 66 651 566 272 95
0 66 664 565 273 96
1 65 646 564 274 96
2 66 634 565 275 95
3 64 655 564 274 96
2 61 645 564 274 95
3 63 667 565 273 95
2 64 653 565 272 96
3 62 650 564 272 96
3 57 666 565 272 95
3 61 644 565 272 96
3 64 662 564 273 97
4 60 651 564 274 98
4 61 645 565 274 99
5 56 640 565 273 98
6 54 631 566 274 98
6 49 641 566 273 97
6 52 642 567 272 96
6 49 647 566 272 96
6 44 643 567 273 97
5 39 662 566 274 97
4 36 659 566 273 96
4 33 645 567 273 96
4 28 639 567 273 95
5 31 661 567 274 96
5 33 649 567 273 95
5 28 661 567 272 94
5 24 659 568 272 95
4 22 668 567 271 96
4 26 634 566 272 95
5 22 640 566 272 94
4 19 663 567 271 93
4 15 650 568 270 93
4 15 665 568 269 93
4 16 668 569 269 93
3 19 647 568 268 93
2 19 650 568 268 92
1 15 659 567 267 91
2 19 638 567 267 92
2 19 656 567 267 91
1 23 640 568 268 92
0 25 668 569 269 93
1 29 665 568 270 93
0 33 650 567 271 93
1 34 656 566 272 93
1 37 655 567 272 93
1 37 637 568 272 94
0 36 668 567 273 95
0 35 634 566 272 95
1 37 667 567 272 94
0 32 641 566 272 95
1 30 635 567 272 96
1 28 633 568 273 96
1 29 655 568 273 96
2 26 642 569 273 96
3 25 660 570 272 97
4 20 655 570 272 96
4 16 648 569 273 95
5 20 666 569 274 96
5 17 662 570 273 95
4 20 643 569 274 95
5 15 638 570 274 96
4 14 658 571 275 95
5 15 666 570 276 95
4 16 652 569 277 95
5 12 652 569 276 95
5 10 650 569 277 94
4 12 651 568 276 93
5 13 660 567 276 94
6 14 661 568 276 95
6 16 645 567 277 96
6 14 631 566 277 96
5 14 647 565 276 97
4 14 632 565 277 96
5 17 630 566 276 97
4 17 644 565 277 96
4 14 634 566 277 95
3 14 669 567 277 94
3 10 645 568 278 95
4 8 669 568 278 94
3 5 669 569 279 95
4 7 662 569 279 94
4 6 651 570 279 94
4 9 651 569 278 95
5 7 633 568 278 96
5 7 648 567 279 95
5 3 651 566 279 96
5 6 669 566 278 95
6 10 643 567 277 96
7 14 648 568 278 96
8 18 656 567 277 95
8 21 633 567 278 95
9 23 656 566 277 95
8 20 655 566 278 94
9 23 641 567 277 93
8 20 640 566 276 93
9 18 656 565 276 94
10 21 639 566 276 95
9 25 633 566 275 96
8 22 639 565 276 96
7 23 652 564 275 95
7 20 660 565 275 95
8 21 648 564 274 96
8 22 641 565 274 95
9 20 656 565 273 96
10 24 653 566 272 96
9 23 659 567 273 95
9 19 631 567 274 95
10 23 642 568 275 94
11 26 665 569 276 94
11 26 634 568 276 95
12 28 656 567 277 94
12 26 642 568 277 95
12 21 658 569 278 95
11 24 662 570 279 95
12 26 642 569 278 96
11 30 632 569 279 96
12 27 630 568 280 97
13 22 640 568 279 96
14 20 648 568 280 96
14 19 650 569 281 95
14 20 658 568 280 96
14 18 661 567 279 95
15 20 666 567 279 95
16 20 644 566 279 95
16 16 630 567 279 95
15 15 661 568 280 96
15 17 649 568 279 96
14 13 662 569 280 96
13 9 652 568 279 97
14 4 631 568 278 96
13 1 633 568 277 96
13 0 650 569 277 97
12 359 657 568 278 98
12 358 655 569 277 97
12 358 646 569 276 96
12 358 636 568 276 96
13 1 643 569 277 95
14 3 665 568 277 96
15 0 664 569 276 97
14 355 649 570 275 98
13 352 650 571 276 98
12 349 644 572 276 99
11 344 663 572 277 100
11 341 649 573 277 100
12 337 656 573 277 100
11 336 648 573 277 99
10 340 664 574 277 98
11 337 630 574 277 97
10 335 657 573 276 96
10 334 649 574 277 95
10 333 631 574 277 96
10 334 651 573 278 96
11 338 660 572 278 96
10 337 659 572 279 96
10 340 659 571 278 96
10 340 630 572 279 96
11 337 649 573 278 95
12 334 660 572 278 94
13 333 646 571 279 95
13 332 646 570 278 94
14 331 642 569 277 93
14 331 637 570 278 92
15 330 643 569 277 93
14 333 630 569 277 93
13 333 651 570 277 94
14 330 642 570 278 95
13 331 638 571 279 95
14 335 658 571 280 95
13 334 658 571 281 96
13 329 646 572 281 96
12 329 648 572 280 96
11 328 638 573 281 95
12 323 640 573 280 96
11 321 641 573 280 95
12 323 649 573 280 94
13 318 658 574 281 95
12 316 630 573 282 96
11 311 635 572 281 97
12 309 661 573 281 96
13 309 641 574 280 96
13 305 665 575 281 97
13 307 646 574 281 97
13 305 656 575 280 98
12 307 669 574 280 98
11 302 656 573 280 99
12 306 656 572 280 99
12 306 659 573 280 99
12 304 645 572 279 98
13 302 665 573 278 98
14 302 663 572 278 98
13 305 637 571 277 97
12 309 641 572 276 97
12 310 665 572 275 98
13 309 660 571 274 98
14 308 635 571 274 98
13 304 657 572 273 97
14 303 641 573 273 97
15 299 633 574 272 98
16 303 658 575 273 98
16 305 658 575 273 98
15 309 642 576 272 97
14 308 636 575 272 96
13 311 656 574 273 95
12 312 649 574 274 96
13 310 643 575 275 97
14 308 634 576 274 96
15 306 654 576 275 96
16 301 654 575 275 97
17 304 654 574 275 98
16 307 645 575 276 97
16 307 641 574 276 96
16 310 642 574 277 96
16 308 647 574 276 95
16 307 664 573 275 95
16 307 661 572 275 94
17 310 634 571 276 95
17 306 637 570 275 94
18 304 646 571 275 93
19 307 634 571 274 92
19 306 659 572 273 92
18 310 647 573 272 92
17 305 639 574 273 92
17 301 664 574 273 92
18 297 669 573 273 93
19 296 657 573 274 93
18 291 635 572 275 94
18 286 659 571 276 95
18 284 657 570 276 96
17 280 653 569 277 95
16 280 645 570 277 94
15 278 648 571 276 94
15 282 651 572 276 94
16 286 659 572 277 93
16 289 650 571 278 94
16 292 646 570 279 94
16 290 658 569 278 94
15 292 667 570 279 94
16 287 656 571 278 95
17 287 663 572 279 96
16 284 643 573 279 97
15 287 630 574 280 97
14 290 664 573 281 98
14 289 661 573 282 98
15 292 634 574 282 99
14 288 633 575 283 99
14 287 653 574 284 98
14 289 645 574 283 97
13 290 649 574 283 98
14 286 666 574 284 98
14 289 668 574 284 97
15 284 632 575 285 97
16 284 663 574 285 97
16 280 650 573 286 97
17 282 642 573 286 96
17 281 662 574 285 96
16 276 660 574 284 97
17 276 666 573 284 98
18 276 634 572 284 98
19 278 650 572 284 97
20 282 656 571 284 97
21 279 654 571 283 98
22 283 661 570 282 98
22 278 650 571 281 99
22 273 640 570 281 98
21 275 654 571 280 97
20 279 632 571 280 96
20 282 636 571 280 96
19 282 633 570 280 95
19 278 640 570 280 95
20 273 634 571 279 96
20 273 666 570 279 96
19 277 659 569 280 97
19 275 632 569 280 96
18 273 643 568 281 96
19 277 655 567 281 97
19 280 655 568 282 96
18 281 657 568 282 97
17 278 647 567 281 97
17 274 656 567 281 96
16 271 658 566 280 95
15 272 641 567 279 96
14 268 650 568 280 95
15 267 661 567 281 94
14 270 633 567 281 95
15 270 634 568 282 94
14 267 658 567 281 93
14 268 639 566 280 93
13 268 660 566 281 92
14 267 652 566 281 93
15 265 649 567 280 93
16 261 640 567 280 94
15 259 636 567 281 93
16 260 661 567 281 93
16 257 664 566 282 94
15 260 646 565 281 95
15 257 654 566 280 95
14 256 665 567 279 94
14 256 638 567 279 93
13 258 641 567 279 94
14 258 630 566 279 94
15 259 643 565 279 93
14 259 631 564 279 94
15 256 632 565 278 95
15 257 660 564 278 95
16 252 643 564 279 94
16 248 630 564 279 95
17 248 649 565 279 96
16 243 651 566 278 95
16 247 646 567 277 95
15 249 669 567 278 96
16 246 647 566 277 97
15 244 662 566 277 98
14 243 634 567 276 98
14 245 632 566 277 99
14 247 666 567 276 99
15 242 642 568 277 100
14 243 655 569 278 99
15 241 630 569 278 100
14 237 643 568 279 100
14 241 647 569 280 101
13 237 656 568 280 101
13 233 640 569 279 101
14 237 653 568 279 102
15 239 639 569 278 102
16 241 648 568 277 101
15 237 640 567 277 100
15 241 638 567 277 100
15 237 654 568 276 101
14 234 654 567 276 102
13 232 644 566 276 103
13 229 645 567 275 104
13 230 657 566 276 104
14 233 658 566 276 103
14 230 657 567 276 104
15 234 658 568 275 104
14 234 648 568 276 103
15 231 639 567 275 102
14 232 649 567 275 101
14 230 657 566 274 102
14 225 653 567 275 101
15 225 663 567 276 100
14 227 647 568 277 101
13 224 640 568 277 100
13 226 659 567 277 101
14 230 659 566 278 102
15 227 630 565 277 101
14 226 653 565 276 102
15 223 640 565 275 101
16 227 657 566 276 102
15 228 662 565 275 101
16 226 634 566 275 101
17 224 636 566 274 102
16 220 660 565 273 102
17 217 639 566 272 103
18 215 665 565 272 104
17 215 648 566 272 103
18 217 632 567 273 104
19 213 644 566 273 103
19 209 649 566 273 102
19 208 657 567 272 102
19 209 644 567 272 101
19 206 650 567 271 102
20 206 664 566 271 102
21 201 659 567 271 102
21 202 663 567 271 102
20 200 655 568 271 103
21 196 639 569 271 102
21 200 630 568 271 102
22 198 636 568 272 102
21 196 669 568 271 103
22 194 657 567 272 102
21 197 645 566 271 103
20 197 646 565 271 102
21 195 669 564 270 102
21 199 645 564 270 101
22 202 643 564 271 102
21 198 669 563 270 101
21 202 636 564 270 100
22 205 664 563 270 100
23 207 637 564 269 101
24 209 664 563 268 100
23 205 642 562 267 100
22 204 644 563 266 100
22 207 643 564 267 100
21 203 658 565 266 101
22 199 638 564 266 101
21 199 669 564 265 100
21 201 663 563 266 101
21 203 662 562 266 102
21 202 652 562 266 101
22 200 647 563 266 102
21 204 637 564 265 103
21 204 643 564 266 104
21 206 640 565 266 103
22 209 650 566 265 104
21 206 650 566 264 104
20 206 657 565 264 103
19 202 649 564 263 103
18 202 631 565 263 102
18 204 654 566 263 103
17 201 658 567 262 103
18 204 648 566 262 103
19 207 648 566 262 102
18 206 651 565 262 102
19 204 667 565 262 102
19 203 639 564 263 101
20 205 644 564 263 100
20 203 644 565 264 99
20 207 641 566 264 98
21 205 643 566 264 99
22 201 634 565 263 98
22 198 655 566 262 97
23 195 645 567 262 97
23 193 650 566 261 97
23 194 658 567 261 97
24 197 644 566 262 97
0 201 641 566 262 96
1 203 654 566 262 95
1 198 647 567 261 95
1 195 644 568 261 95
1 196 649 569 261 95
2 196 633 570 260 95
2 200 632 570 259 94
1 197 644 571 268 94
0 200 635 571 269 95
0 199 631 570 270 95
1 198 659 569 271 96
2 198 632 570 271 96
1 193 656 570 271 96
1 192 664 569 271 95
2 194 649 569 271 95
2 197 657 568 272 94
2 192 649 567 272 94
2 194 644 566 273 94
3 192 654 566 272 94
4 191 631 565 272 94
5 192 660 566 272 95
6 191 637 567 272 95
6 192 655 566 272 95
6 195 664 565 272 94
5 193 669 565 271 95
4 189 633 564 271 96
4 188 635 565 270 97
3 184 664 566 271 98
2 184 662 565 272 98
3 187 646 565 271 97
2 185 634 565 272 96
3 182 631 565 272 97
4 183 640 565 271 97
3 186 637 566 272 96
3 190 657 566 272 96
4 193 656 567 273 96
5 188 656 566 272 96
6 184 649 565 271 95
7 188 669 566 270 94
8 191 661 565 271 95
7 187 644 566 270 94
8 190 662 566 269 94
8 194 636 566 270 95
7 198 636 567 271 94
6 201 644 567 270 95
5 197 642 568 269 94
4 192 632 569 269 94
5 192 637 570 270 94
6 189 658 571 270 93
6 186 631 570 269 94
5 189 668 571 268 95
5 189 658 571 269 94
4 185 658 572 268 94
5 188 632 571 268 95
4 189 653 570 267 96
4 186 646 571 266 97
3 190 659 572 266 98
2 185 664 571 265 98
3 182 651 571 266 99
3 186 663 570 267 98
3 184 637 569 268 98
3 182 647 570 268 98
4 185 662 569 269 99
5 181 645 569 270 100
6 181 641 568 269 100
7 181 645 569 269 101
6 185 634 569 270 102
6 183 633 568 270 103
6 182 637 568 271 104
7 183 645 569 270 104
6 182 644 569 269 104
6 179 664 568 268 104
5 183 654 568 268 105
5 178 652 568 269 106
4 178 659 567 269 105
4 174 638 566 269 105
4 170 661 567 268 106
4 173 641 567 268 105
5 171 657 567 267 105
6 172 651 568 267 106
6 171 667 569 267 106
6 171 667 570 267 105
6 172 640 571 268 105
5 170 650 570 269 105
4 165 638 569 269 106
4 161 646 569 270 107
4 161 654 568 271 106
4 163 662 569 271 106
5 164 634 569 270 106
4 163 655 569 269 105
4 167 666 570 268 105
4 163 644 569 267 106
5 160 665 570 267 106
4 157 644 570 267 107
4 153 653 570 267 107
5 156 644 570 266 107
4 154 660 570 267 108
4 152 645 570 268 108
5 148 642 571 267 108
5 151 649 570 268 109
6 147 663 569 267 108
7 145 654 568 268 107
8 148 647 568 268 106
7 147 645 569 267 106
7 151 634 570 267 107
6 154 635 569 267 108
7 158 634 569 268 109
6 153 630 568 269 108
7 154 659 568 268 107
8 152 659 567 268 107
9 153 637 567 268 106
10 148 652 568 267 106
10 152 646 569 267 105
10 148 647 570 266 106
9 151 635 571 266 107
10 149 665 572 265 107
9 150 662 573 264 107
8 152 633 574 263 108
8 148 658 574 264 107
8 150 656 573 263 108
8 151 634 574 264 108
8 153 654 573 263 108
9 148 648 572 262 109
8 148 663 573 261 110
7 149 665 573 260 110
6 148 668 573 261 109
6 143 646 574 261 109
5 142 638 573 262 108
6 142 639 573 261 108
5 138 653 573 260 108
6 138 665 574 259 109
5 139 638 575 268 110
4 134 662 576 268 109
5 134 659 575 268 108
6 136 652 574 268 107
5 134 652 575 268 107
4 135 646 574 269 106
4 134 658 575 270 106
5 133 632 575 271 107
4 137 652 575 270 108
5 132 663 576 271 109
6 129 666 576 270 110
5 124 661 575 270 110
5 119 655 575 269 110
4 118 650 574 268 110
5 117 659 573 269 111
4 119 662 573 270 112
4 120 654 573 269 111
4 121 660 574 270 112
4 123 640 574 269 111
4 125 641 574 270 112
5 123 652 574 271 112
5 119 643 575 272 112
6 121 637 574 271 111
7 118 645 575 270 111
6 119 632 574 271 112
5 121 647 574 270 112
4 121 649 575 271 112
4 116 668 574 270 112
5 112 666 574 271 113
4 110 659 573 270 114
4 109 637 572 271 115
4 108 631 571 272 116
3 111 666 570 273 116
2 111 651 570 272 116
1 109 652 570 272 115
0 109 669 569 272 114
0 108 637 569 272 115
0 106 652 568 271 114
1 109 665 569 272 113
2 104 645 568 272 113
2 104 640 567 272 112
1 106 631 567 272 113
1 102 669 567 273 113
2 97 631 568 274 112
2 100 652 568 273 113
2 102 663 569 273 112
2 104 631 568 272 112
1 105 656 567 272 112
2 108 664 568 273 112
1 104 655 568 272 111
0 101 659 567 273 111
1 105 660 567 274 110
2 100 635 567 273 109
3 97 645 568 272 108
4 93 660 567 271 109
4 96 634 568 272 108
5 98 640 567 271 108
4 99 643 567 270 109
3 97 634 568 270 109
2 93 644 569 271 108
3 97 648 570 270 107
3 100 641 571 269 108
2 99 637 571 268 108
3 95 636 571 269 109
2 99 668 570 268 108
3 95 636 571 267 108
3 98 657 571 266 109
3 97 633 572 266 108
2 100 649 573 266 109
1 103 651 573 266 110
0 106 665 572 266 109
1 103 641 573 266 110
0 106 667 572 267 111
0 102 669 573 268 110
0 97 660 573 268 110
0 101 653 572 268 111
0 103 667 573 269 111
1 107 661 573 270 112
0 102 652 574 269 113
0 100 633 575 269 113
1 95 633 576 270 112
2 91 647 576 271 112
1 95 658 575 272 111
1 90 641 575 271 111
2 86 659 574 272 110
3 81 633 575 273 111
3 79 651 575 274 110
3 76 645 575 273 110
3 76 637 574 274 111
3 77 651 574 274 112
2 78 639 574 274 113
2 82 663 573 274 114
2 86 640 573 273 114
1 82 648 572 272 114
0 77 654 573 271 113
1 81 657 573 271 112
2 84 668 573 272 112
3 84 635 573 271 112
3 85 666 573 270 111
3 81 640 573 269 111
2 77 638 574 268 112
3 76 651 574 267 113
2 73 640 575 267 114
1 69 660 574 266 113
1 67 636 573 267 113
2 62 640 572 266 113
2 59 631 571 265 113
3 57 638 572 265 113
3 60 636 572 264 114
4 55 636 571 264 115
5 50 648 570 263 115
5 54 657 569 263 114
4 50 665 570 264 113
5 46 668 571 265 112
4 44 637 572 266 113
5 46 666 573 266 113
6 48 630 573 265 113
7 44 661 574 266 113
6 41 651 573 266 112
5 43 640 572 265 111
5 41 633 573 265 112
4 39 656 572 266 111
5 39 632 571 265 111
5 37 637 570 266 110
5 39 634 571 266 111
6 36 663 571 267 111
7 38 662 572 268 111
8 36 660 573 268 111
7 40 658 574 269 110
7 36 654 574 268 111
7 39 663 574 269 112
7 34 642 574 269 113
7 37 646 573 268 114
8 34 660 572 267 113
8 32 632 573 266 112
9 29 654 573 266 111
10 29 634 574 265 110
10 28 656 575 265 111
11 25 639 576 266 112
11 23 634 575 266 113
12 18 647 574 265 114
12 19 669 575 265 115
11 21 661 576 264 114
12 19 632 576 265 113
11 15 646 576 264 112
10 10 654 577 264 113
10 5 636 576 265 112
11 8 661 576 265 113
10 12 651 577 266 113
10 9 667 576 266 112
11 6 650 575 267 112
12 1 650 575 268 112
13 359 643 575 267 111
12 0 635 576 268 112
11 0 638 576 269 113
11 359 631 576 269 112
12 358 662 577 270 111
11 1 632 577 269 111
12 357 631 578 269 110
11 359 647 578 270 111
10 357 663 578 270 112
9 356 655 577 271 111
9 0 649 577 270 111
8 2 647 578 269 112
7 3 640 578 270 111
6 358 662 577 270 111
7 2 639 576 271 110
7 0 632 575 271 109
7 0 639 575 272 110
7 356 669 575 273 111
8 351 634 574 273 111
8 354 633 575 273 112
8 354 668 576 274 112
8 350 662 575 274 112
7 346 665 574 274 111
7 342 630 574 274 112
6 344 649 573 274 111
5 343 662 573 275 111
4 339 648 572 274 111
5 334 636 573 275 111
6 332 641 573 276 112
7 333 666 573 276 112
8 328 642 573 277 112
8 329 651 574 277 111
8 328 651 574 277 112
7 325 634 574 278 112
6 323 631 574 277 111
5 322 636 573 278 112
4 319 661 574 277 112
3 320 642 573 278 113
4 318 664 574 279 114
5 313 633 573 279 113
6 317 649 574 278 114
6 317 669 574 277 115
6 321 646 575 277 114
7 323 640 576 277 114
8 323 660 577 276 113
9 323 649 578 275 114
10 325 639 579 274 114
9 321 640 580 274 113
9 320 658 581 275 112
9 323 647 582 275 111
8 319 658 583 274 111
9 322 643 584 273 112
10 321 652 585 272 113
9 319 633 585 271 114
8 316 638 584 272 115
8 319 651 585 271 116
9 322 659 586 270 116
10 326 642 587 270 115
11 322 631 588 270 116
10 319 654 589 271 117
10 319 635 590 270 117
9 316 642 590 271 118
9 315 642 590 272 119
10 314 651 591 273 119
11 314 657 591 272 120
10 309 655 591 271 121
10 306 669 592 270 120
10 303 643 592 269 120
10 303 661 592 268 119
10 301 661 591 267 119
9 302 633 591 266 119
10 302 642 591 265 119
9 304 666 590 264 120
8 302 656 591 264 121
8 300 632 592 264 120
7 295 659 593 264 120
8 290 634 594 265 120
9 289 662 594 265 120
10 286 655 595 266 120
9 286 664 594 267 121
10 285 667 593 268 120
11 281 663 593 268 120
12 276 669 593 268 121
12 278 664 593 268 121
12 281 653 592 267 120
12 280 668 592 267 119
13 276 643 593 267 118
13 274 648 594 266 119
13 270 650 594 265 120
12 273 636 593 264 120
12 269 643 592 265 119
11 270 643 592 264 120
12 268 630 591 265 121
12 263 643 592 265 122
13 260 642 593 265 121
12 255 643 593 266 122
11 252 669 592 265 123
10 247 657 591 266 122
11 246 663 590 266 121
12 242 654 590 266 120
13 237 648 591 265 121
12 232 634 592 264 121
13 228 650 591 263 122
14 223 650 592 262 122
13 224 632 593 262 123
14 220 656 592 261 122
13 223 645 593 260 121
12 222 650 592 259 120
12 217 658 593 268 120
13 217 659 594 267 121
12 212 655 593 268 120
13 212 647 593 269 119
12 213 634 594 270 118
12 208 643 594 271 119
12 209 637 593 271 120
12 208 641 594 272 121
13 207 657 594 271 120
12 206 641 594 271 120
11 208 632 595 272 121
11 206 651 594 271 122
10 206 632 594 270 122
9 210 658 594 269 122
10 209 643 593 270 121
11 209 636 592 269 122
11 210 651 593 269 123
11 206 637 592 268 123
10 203 642 593 267 123
11 203 633 593 267 124
12 206 647 593 268 125
13 204 656 592 267 125
14 201 636 591 267 125
13 200 636 591 267 124
14 197 669 591 266 124
13 197 631 591 265 125
12 198 667 591 265 124
11 195 657 592 265 125
10 197 645 591 266 126
11 195 638 591 265 127
11 193 647 590 264 126
10 191 668 589 263 126
11 186 668 590 264 127
11 190 650 591 265 127
10 187 663 591 266 126
11 186 653 591 267 125
12 182 648 592 267 124
13 179 669 592 266 124
14 177 633 591 265 124
14 175 652 591 266 124
13 175 639 590 266 123
13 179 663 590 267 123
14 183 637 591 266 124
15 179 654 590 266 124
14 180 644 589 265 125
13 177 646 588 265 126
13 180 663 587 264 126
12 179 631 587 263 127
11 174 634 586 264 127
11 171 640 587 265 127
10 174 642 587 265 127
11 173 638 587 265 127
10 168 640 586 266 127
9 163 644 587 265 126
8 161 654 588 265 127
8 163 653 589 265 127
8 158 652 588 265 128
9 161 662 587 265 129
9 158 660 588 265 129
10 157 663 588 264 129
11 159 632 588 264 129
12 154 648 587 263 128
12 152 645 588 263 128
13 154 657 588 262 128
13 152 649 587 263 129
14 149 650 587 263 130
14 145 631 587 263 130
13 142 650 586 263 130
13 146 651 586 263 129
12 146 667 585 263 129
13 145 633 584 264 129
14 142 667 583 263 128
13 146 639 583 263 128
12 143 630 584 263 129
11 144 667 583 262 130
10 142 664 582 263 131
10 142 630 583 263 132
10 143 647 582 263 131
11 138 647 583 262 132
10 135 662 582 263 131
9 136 652 582 263 131
9 132 636 583 264 131
9 128 635 584 263 132
10 130 667 583 264 131
11 130 654 583 264 132
10 129 662 583 264 131
9 133 669 582 265 130
10 129 634 581 265 131
9 129 637 582 266 130
8 125 645 581 266 130
7 128 653 581 266 129
7 123 661 581 267 128
7 124 665 580 267 128
8 124 656 580 267 128
8 119 647 580 267 128
8 123 665 581 266 127
8 119 639 582 266 126
9 118 651 583 265 125
8 122 632 582 264 125
9 120 630 583 264 126
10 122 661 584 263 125
11 122 647 584 263 124
12 125 653 585 262 125
12 124 637 585 261 124
11 128 665 584 260 124
10 126 631 584 260 123
11 127 632 585 260 123
12 128 657 585 261 122
12 128 646 584 260 122
13 130 637 584 260 122
13 134 651 584 260 123
12 131 631 584 260 124
12 133 647 584 259 125
11 131 658 584 260 125
10 133 651 585 260 125
10 131 647 584 261 124
11 134 635 585 261 125
10 132 644 586 260 124
9 132 655 585 260 123
8 130 633 585 259 123
9 132 648 584 259 124
9 136 638 585 268 124
10 139 639 585 269 124
9 143 665 585 269 125
8 139 656 586 268 126
8 135 644 585 268 126
9 131 638 585 269 126
8 127 644 584 268 125
8 125 664 583 267 126
7 121 669 584 266 125
6 125 640 584 266 124
6 129 657 583 267 125
7 132 668 582 266 124
7 131 640 581 266 124
8 128 653 580 267 125
9 123 666 579 267 125
9 120 637 580 268 125
10 120 656 581 268 126
9 119 654 582 269 125
9 119 657 581 268 125
9 123 636 581 267 126
9 123 649 581 266 125
8 123 659 582 266 125
8 122 636 581 267 124
9 118 669 581 267 123
10 114 656 582 268 124
10 115 660 582 268 125
9 111 650 583 267 126
8 112 654 583 268 125
8 109 655 582 267 126
9 110 669 581 268 127
10 108 668 580 268 127
11 112 645 579 269 127
12 113 648 580 269 128
13 114 656 580 270 127
12 118 661 580 271 128
12 122 662 581 270 129
12 125 662 581 269 129
13 127 648 581 270 129
14 123 650 580 269 128
14 122 651 580 269 127
14 120 656 580 269 126
13 115 665 580 269 127
13 115 652 580 270 126
13 114 658 580 270 127
13 115 654 581 271 126
13 113 658 581 271 126
12 113 650 582 270 125
13 114 660 583 269 125
14 114 650 583 270 124
13 112 651 582 269 123
12 107 656 583 270 123
11 109 649 584 269 124
12 110 633 583 268 124
12 108 640 584 269 123
12 104 660 585 268 124
11 102 661 586 267 124
10 97 656 586 268 123
9 101 652 586 267 124
10 100 668 586 267 125
9 102 663 586 268 125
9 103 664 586 267 124
8 101 664 585 268 124
8 98 649 585 269 124
9 99 637 585 270 123
9 101 667 585 270 123
10 99 658 585 271 123
9 94 632 586 272 123
9 98 649 587 273 124
8 96 669 587 272 125
9 99 647 587 271 125
8 94 660 586 271 126
8 95 664 585 270 125
8 98 652 586 269 124
8 102 634 586 268 124
8 103 645 585 269 124
9 104 630 586 269 124
8 101 633 587 270 123
9 103 634 588 271 122
9 102 645 588 270 121
9 97 644 587 271 121
10 93 638 588 270 121
9 97 649 588 270 122
8 94 631 587 271 123
9 91 659 588 272 122
10 86 638 588 273 123
11 89 632 589 274 123
11 86 663 588 274 124
11 89 647 589 273 124
11 89 649 589 273 123
10 92 637 588 274 122
11 96 661 587 274 122
12 92 646 588 273 123
13 88 630 588 274 122
14 86 630 587 273 123
14 84 634 586 273 122
15 88 654 585 274 121
15 87 631 586 275 121
16 83 660 586 274 121
16 84 642 586 273 120
16 79 635 587 272 119
15 83 641 586 271 120
14 79 665 586 270 121
13 76 632 587 271 120
14 73 647 588 271 121
15 73 666 589 272 121
15 73 651 588 272 120
16 75 654 588 271 120
15 70 640 589 272 119
15 69 658 590 271 120
16 71 647 591 271 120
15 70 636 591 272 121
15 74 631 591 272 120
15 73 667 590 272 121
15 75 647 589 273 122
16 70 668 588 272 123
17 68 636 587 271 124
17 64 649 588 272 125
17 61 669 588 271 125
18 58 637 587 272 126
18 56 651 587 273 127
18 59 659 587 274 128
19 63 646 588 275 129
20 62 645 589 276 130
19 58 643 590 275 129
19 60 641 590 274 128
18 63 633 590 274 128
17 59 638 591 275 127
17 59 642 590 274 127
18 56 652 590 275 128
17 57 638 591 276 128
18 59 635 590 277 127
17 60 666 591 276 128
17 63 634 590 277 129
18 61 656 589 276 128
18 63 656 588 275 129
17 63 664 588 274 129
17 63 640 589 274 128
18 58 660 590 273 127
19 58 646 589 273 127
19 59 633 589 272 128
20 58 663 590 273 129
20 57 664 591 273 128
20 59 637 590 272 127
19 54 652 590 273 127
18 54 665 589 273 126
17 49 669 589 272 127
18 53 649 590 271 127
19 52 643 591 270 127
20 47 665 591 270 126
20 50 646 590 269 125
21 51 630 590 269 126
22 51 642 591 268 126
22 52 638 592 267 126
21 55 647 592 267 126
21 54 645 591 266 125
21 50 638 591 267 124
20 51 665 591 266 125
21 51 664 592 266 125
21 55 661 593 266 125
22 58 656 594 267 125
22 54 651 595 267 126
22 56 640 594 268 127
22 58 651 593 267 126
21 53 648 592 268 126
22 56 649 593 269 125
23 52 635 593 268 126
23 54 659 592 267 125
22 55 667 591 268 124
21 54 640 592 268 125
22 50 653 592 267 126
22 54 661 592 268 127
22 55 655 591 267 128
23 51 634 591 266 128
23 48 669 590 267 127
24 46 666 589 268 126
23 49 642 588 269 126
24 50 632 587 268 125
23 52 643 588 268 124
24 47 636 587 269 124
23 45 656 587 269 124
22 40 630 587 269 124
23 40 635 588 269 124
24 43 659 589 269 125
23 38 658 589 268 126
22 37 642 589 269 127
22 35 665 590 270 127
23 36 659 591 271 128
23 32 655 591 272 129
23 30 654 590 272 130
23 34 635 589 271 131
24 32 655 588 272 131
0 33 640 588 271 131
1 35 658 589 272 130
0 31 650 588 273 130
1 29 658 589 272 130
1 27 668 589 271 131
0 25 660 590 271 130
1 22 642 590 270 131
2 25 649 591 271 131
2 22 641 591 270 130
1 22 633 590 269 130
1 26 646 591 268 131
1 26 667 590 268 130
0 23 667 589 268 130
1 23 649 589 267 130
2 22 638 588 268 130
1 19 633 587 267 129
0 23 659 586 266 128
0 26 656 585 267 127
1 22 649 584 268 128
1 26 639 584 269 129
0 25 643 583 268 129
1 21 656 583 268 130
0 20 660 584 268 131
0 18 642 583 267 130
0 17 636 582 266 130
0 12 640 581 265 131
1 8 666 582 264 131
1 7 641 582 264 130
2 3 639 581 264 129
1 359 664 582 264 129
0 3 642 583 263 128
1 0 644 584 262 128
2 3 634 585 261 127
3 4 659 585 261 128
3 2 637 585 262 128
4 359 640 586 263 128
5 359 638 586 262 128
6 1 669 586 261 129
6 356 637 585 261 128
7 356 642 586 260 127
7 352 641 587 260 128
8 352 667 587 259 127
8 350 648 588 260 127
7 350 632 588 259 128
7 353 646 589 268 127
8 350 638 589 268 127
7 352 667 589 269 126
7 350 644 590 270 127
6 347 654 590 270 128
6 342 657 590 271 127
7 339 664 590 272 126
6 339 649 590 271 125
7 339 660 589 272 125
7 334 631 590 273 124
7 333 641 591 272 124
7 328 637 592 271 125
8 324 633 593 272 126
8 322 662 593 271 127
9 323 667 592 271 126
8 327 637 592 272 127
9 323 661 593 271 128
9 324 632 594 271 127
8 322 645 594 272 127
8 318 661 595 271 127
9 319 646 595 270 126
9 314 661 596 271 125
9 317 655 596 270 124
10 314 654 595 271 125
9 318 662 595 271 124
9 313 658 596 272 123
8 310 636 597 271 124
9 307 638 596 271 124
10 308 658 595 270 125
11 308 646 596 271 125
10 309 665 596 271 126
10 310 668 595 271 126
9 308 663 594 272 126
9 311 648 595 273 125
8 310 668 594 274 124
8 307 642 595 275 125
8 302 668 594 275 124
9 298 651 593 275 123
8 296 630 594 274 122
8 296 666 593 274 122
7 291 667 593 273 121
8 290 667 594 274 121
8 292 634 593 274 120
8 292 634 592 273 121
7 291 632 591 273 121
6 290 630 591 274 122
7 293 661 590 273 121
6 296 649 591 274 121
5 299 648 591 275 122
4 301 660 591 274 122
5 298 660 590 275 123
4 301 648 589 274 122
4 298 652 588 274 121
4 293 664 587 275 122
3 292 666 588 276 122
4 295 635 587 276 123
4 294 653 586 276 122
5 296 653 586 277 121
4 298 632 586 278 121
3 294 661 587 279 122
2 289 662 586 279 121
3 287 658 587 279 120
3 282 635 588 278 121
2 283 648 588 279 121
1 278 646 587 278 120
1 276 631 587 278 120
2 271 634 586 278 120
2 272 651 585 279 119
3 268 643 586 279 118
2 263 655 585 279 118
1 263 637 584 279 118
2 259 643 584 280 118
2 256 656 584 280 117
3 259 644 585 281 116
2 254 648 586 281 117
2 250 651 587 280 117
3 252 641 587 279 118
2 253 663 587 279 117
1 250 639 588 280 117
2 245 652 587 280 116
3 244 666 586 281 117
4 248 630 587 280 118
3 250 664 588 281 118
3 247 655 587 281 117
4 251 645 586 281 118
4 250 668 586 280 117
3 245 669 585 281 117
4 247 654 585 281 116
3 243 633 586 281 115
4 238 661 587 281 115
5 240 647 586 281 115
5 242 656 585 281 116
6 237 636 584 282 115
7 232 640 585 281 116
6 228 645 584 282 116
6 223 667 585 281 115
6 221 659 585 280 114
5 218 652 584 280 114
5 214 635 585 280 115
6 211 639 584 280 114
5 212 637 583 280 114
4 212 635 583 280 115
5 209 644 583 279 115
5 212 650 583 280 116
4 210 660 584 281 116
4 211 643 583 281 116
3 208 665 583 281 117
2 210 655 584 280 117
2 206 660 584 281 117
2 205 633 584 281 116
1 209 632 584 280 116
2 204 638 583 281 115
2 208 634 584 280 115
1 212 645 583 279 114
0 213 648 584 279 114
0 211 649 584 279 115
1 206 663 583 280 115
0 201 641 582 279 115
1 197 639 582 280 114
0 194 649 583 279 114
1 198 660 583 279 113
2 195 666 584 279 113
2 195 643 583 279 113
3 196 661 583 280 112
4 197 644 582 281 111
4 201 662 583 281 112
4 202 654 584 282 111
3 201 652 584 282 110
4 199 630 583 281 109
5 197 645 584 280 110
6 199 649 584 279 109
5 194 631 583 280 110
6 189 632 582 281 109
5 191 657 583 281 110
5 193 659 582 281 109
5 189 632 583 282 110
6 188 637 584 282 109
5 192 655 584 283 108
4 193 663 584 284 109
5 189 646 583 284 108
5 188 665 583 283 107
5 187 644 582 282 107
4 190 642 583 283 106
3 189 664 582 282 107
3 186 657 581 281 108
2 184 664 581 280 109
2 180 659 581 280 110
3 176 646 582 279 110
4 172 644 583 280 110
3 168 631 582 279 110
3 163 666 583 280 111
4 163 667 583 281 110
3 164 636 583 282 111
3 168 644 584 281 110
4 167 659 583 280 111
4 166 662 583 279 111
5 168 630 582 278 112
5 172 662 583 279 113
5 176 656 584 279 113
4 177 653 584 279 113
3 177 631 585 278 112
3 172 651 585 279 112
4 173 651 584 279 113
5 175 665 583 279 112
6 170 654 583 280 111
7 166 648 582 279 110
8 168 634 582 278 110
9 168 646 583 279 110
9 167 645 583 278 109
9 162 639 583 278 108
10 166 649 582 279 107
11 163 657 582 280 107
10 163 648 582 280 107
9 161 656 582 280 107
8 158 644 581 280 107
8 154 632 580 279 107
9 154 669 580 278 107
9 157 633 579 278 108
10 160 643 579 278 109
11 155 662 580 278 110
12 159 651 579 279 109
13 155 655 578 279 110
14 156 654 578 278 110
15 158 669 579 278 110
15 154 659 580 278 110
15 157 660 579 277 109
15 157 662 580 276 110
15 155 634 580 277 109
14 158 667 581 276 110
13 162 646 580 275 111
13 163 635 581 275 110
13 167 645 581 275 111
13 162 646 580 274 111
13 163 655 580 273 111
12 161 649 580 272 112
11 156 663 580 273 113
10 160 638 579 274 114
11 163 656 579 274 115
12 161 665 579 273 116
13 159 635 578 274 116
14 159 635 578 275 115
14 158 653 578 276 116
14 158 663 578 275 117
13 162 646 579 274 118
14 157 658 578 274 118
15 156 669 578 275 118
14 157 655 578 274 118
15 156 632 578 274 118
15 153 655 578 274 118
15 151 656 579 274 117
14 149 631 580 274 118
13 153 665 580 274 119
13 157 644 579 275 118
12 154 631 579 274 117
11 154 641 579 273 117
11 150 645 580 274 118
11 152 632 579 273 119
10 152 648 579 272 118
9 150 654 580 272 117
9 148 665 580 272 118
8 152 641 579 272 117
9 152 656 580 272 117
9 153 637 581 272 116
10 150 660 582 271 117
9 151 636 583 271 118
10 147 648 584 271 118
11 150 643 583 272 117
12 153 664 584 273 117
11 151 640 585 272 117
11 147 665 585 273 118
11 142 640 584 274 119
11 142 663 583 273 118
11 145 655 584 273 118
10 148 632 584 273 118
11 148 649 584 272 118
10 146 655 585 272 118
9 150 669 586 272 117
10 148 643 585 272 118
9 151 633 584 271 117
9 149 654 585 270 118
8 145 656 585 271 119
9 143 635 586 270 118
10 146 663 586 270 117
10 144 631 587 270 117
10 139 639 588 271 117
10 140 641 589 271 118
11 139 644 589 270 118
10 134 652 590 271 119
10 133 643 589 271 118
10 130 650 589 270 117
11 131 651 590 271 118
10 129 643 589 270 118
11 128 658 589 271 119
11 129 667 590 270 118
11 130 647 591 271 117
12 125 666 591 270 116
12 126 647 591 270 115
13 122 637 591 269 116
13 117 665 590 268 115
14 120 667 589 267 114
13 124 668 588 268 113
14 123 659 587 268 112
14 122 632 587 268 111
13 117 658 586 267 110
14 118 641 587 268 111
13 121 656 588 267 112
13 118 639 588 266 112
14 120 650 589 266 112
13 119 651 589 265 112
14 123 635 588 264 113
13 123 636 587 265 114
13 125 668 586 264 114
13 120 638 587 265 114
14 116 643 587 265 113
14 117 667 586 265 113
14 117 641 586 264 113
14 116 660 586 263 113
14 118 644 585 263 113
15 119 640 585 264 114
15 119 651 585 264 113
14 115 645 586 264 112
15 119 648 586 265 111
14 121 651 585 264 111
13 119 664 586 264 110
14 115 652 585 265 110
13 119 639 584 266 111
12 114 658 585 265 112
11 117 656 586 264 113
12 119 641 585 264 113
11 116 664 585 263 113
10 112 667 585 262 114
11 109 650 586 262 114
10 106 634 587 262 113
11 102 663 588 261 112
11 99 639 588 260 111
11 103 652 587 259 112
11 107 657 588 260 112
10 103 637 588 259 112
11 100 642 588 259 111
11 100 633 588 260 111
11 98 667 589 259 111
11 95 652 590 259 112
10 90 638 589 259 112
10 86 633 589 260 112
11 85 635 588 260 111
12 87 649 587 260 111
12 89 644 588 259 110
12 88 637 587 259 109
12 89 667 587 268 110
11 86 648 586 267 111
12 90 643 587 266 110
13 91 665 588 267 109
14 89 668 588 266 109
13 89 636 588 265 109
12 91 639 587 266 110
12 89 640 587 266 109
12 86 649 587 267 109
13 83 652 587 267 108
13 83 652 586 266 108
12 78 660 587 265 109
11 73 657 586 264 110
12 72 633 587 264 110
13 67 649 587 264 110
14 67 653 588 265 110
13 68 658 588 266 109
14 68 643 587 266 108
14 70 663 586 267 108
14 74 653 587 266 108
14 71 640 588 266 107
13 70 648 589 265 106
14 65 632 588 264 107
14 68 651 588 265 106
14 65 652 587 264 107
14 68 645 586 263 108
13 66 665 587 263 109
13 64 637 588 264 110
12 60 646 589 265 110
12 58 635 589 266 110
12 61 632 590 266 111
12 63 645 591 265 111
13 67 660 591 264 111
12 65 637 590 263 112
13 64 631 589 264 113
14 60 637 589 264 113
14 55 633 590 265 113
13 59 669 589 264 114
12 60 640 588 265 113
12 59 668 588 264 112
11 55 648 587 264 112
10 50 635 586 263 113
10 53 639 586 264 112
11 55 632 585 265 113
10 53 655 586 265 113
10 50 654 586 266 112
9 46 660 586 265 112
10 49 634 585 264 113
10 48 669 584 264 114
9 51 649 584 264 113
10 55 663 583 265 112
9 54 669 583 266 113
9 53 652 583 267 114
10 57 639 584 268 114
9 57 659 584 269 114
10 61 632 585 270 115
11 64 648 585 270 116
10 62 664 585 271 117
9 62 636 584 270 118
9 65 640 584 269 118
8 65 631 585 269 117
9 62 635 586 269 116
10 57 657 585 268 116
10 54 656 585 269 116
9 55 640 586 270 116
9 50 651 585 269 115
10 53 659 584 270 114
10 53 665 583 270 113
9 57 661 584 271 112
8 58 635 585 271 112
7 54 636 585 272 113
6 56 634 584 272 114
6 56 665 584 271 115
5 51 642 583 272 114
5 46 666 583 272 115
5 43 666 584 271 114
4 41 635 585 272 114
4 40 640 586 272 115
4 35 659 587 272 116
3 37 666 588 272 117
4 37 642 587 273 118
4 36 663 587 274 119
5 34 631 588 274 118
5 38 645 589 273 117
4 33 655 588 272 118
3 37 668 589 273 118
2 39 641 590 273 118
2 37 664 591 274 118
3 36 655 591 273 118
2 35 636 591 272 117
3 33 639 590 271 118
2 30 642 590 270 118
1 28 662 589 269 119
0 25 640 589 270 119
1 27 630 590 270 118
2 29 645 589 271 119
2 31 654 589 270 118
1 26 650 588 269 117
1 28 655 588 270 116
1 23 660 588 271 116
2 26 631 589 272 117
3 28 662 590 273 116
2 30 653 589 273 115
1 32 652 590 274 115
2 33 644 589 275 116
2 32 651 590 276 116
2 36 661 590 275 115
3 36 644 590 274 116
2 32 645 591 274 116
2 35 656 592 273 115
2 37 669 592 274 116
3 37 654 593 274 117
4 40 640 592 275 118
5 43 639 592 274 119
5 38 639 591 274 120
4 34 643 592 273 119
3 36 640 591 274 120
2 40 630 590 273 119
3 42 660 590 274 118
3 38 659 590 275 118
4 41 631 589 274 117
5 36 633 590 273 118
6 37 642 589 273 119
7 39 668 589 272 118
7 43 652 588 271 117
6 40 650 587 270 118
6 37 662 586 271 117
6 41 646 586 270 118
7 43 661 587 270 119
7 47 666 586 271 120
6 42 651 586 271 119
6 46 638 585 270 120
6 46 654 585 270 121
7 49 646 584 270 120
7 45 650 583 270 119
6 43 657 582 271 119
6 46 650 582 271 120
5 42 660 581 270 121
4 45 656 581 269 122
5 45 637 581 268 122
5 49 645 582 267 123
5 47 660 582 266 123
5 46 644 582 267 122
5 50 660 582 266 122
4 53 633 583 266 123
4 57 656 584 265 124
4 57 647 584 264 123
5 52 633 583 263 122
6 56 663 583 264 121
5 57 661 584 265 120
6 54 651 585 264 119
5 52 634 585 265 119
4 50 657 584 266 118
4 53 656 584 267 119
4 52 645 584 267 118
4 56 668 584 266 119
5 58 631 584 267 118
4 57 657 583 266 119
5 56 643 582 266 119
5 59 643 583 266 118
6 55 655 583 267 117
6 51 644 582 266 118
7 51 631 582 266 118
8 46 656 581 267 118
8 49 668 580 266 118
9 44 636 579 267 117
8 43 659 579 268 116
7 38 633 579 269 117
8 37 649 579 268 116
8 35 639 579 268 116
8 34 652 578 269 115
7 31 645 579 268 114
6 29 652 578 268 113
5 29 654 577 267 114
5 33 647 576 268 114
5 37 646 576 269 114
5 41 636 575 270 113
6 41 650 576 269 113
6 39 655 575 270 112
7 35 630 574 270 111
6 33 636 573 271 112
7 31 657 574 271 111
7 27 662 573 271 110
6 30 667 574 271 111
5 31 654 574 272 112
5 31 639 573 271 113
6 32 640 574 270 114
5 27 636 574 270 114
4 29 664 573 269 115
5 26 654 572 270 114
6 26 669 571 271 114
5 27 642 572 271 113
4 27 635 573 271 112
3 22 647 572 271 112
3 19 636 572 272 113
3 17 664 573 272 114
3 21 656 572 271 114
2 16 654 572 270 115
2 13 648 571 269 115
2 14 668 572 269 116
1 13 667 571 268 116
0 10 651 571 269 115
0 8 663 571 268 114
1 9 644 571 268 114
