4 5 661 599 299 99
5 3 664 599 300 100
5 5 639 600 301 99
4 7 638 600 302 99
3 11 661 601 301 98
2 6 632 602 302 99
3 1 652 601 301 99
3 356 662 601 301 100
3 359 647 600 300 100
2 2 659 600 299 100
3 6 661 601 298 101
3 1 653 600 298 101
2 2 636 600 298 102
2 359 666 601 297 102
2 356 634 600 296 103
2 353 654 601 297 102
2 357 652 600 298 101
1 0 657 601 297 101
2 3 631 600 296 101
1 359 631 601 295 102
2 0 644 600 294 103
2 356 648 601 293 104
3 354 632 601 294 105
2 353 662 601 294 104
2 349 633 601 295 103
3 353 630 600 294 104
3 348 637 600 293 105
4 344 637 600 293 106
5 339 651 599 293 106
5 338 636 598 294 105
6 338 668 597 294 106
6 335 648 597 294 106
6 339 644 597 294 107
5 335 664 597 293 107
5 334 642 597 294 106
6 335 650 598 294 105
7 332 663 597 293 104
6 330 648 596 294 103
7 331 659 595 294 102
6 328 660 596 293 102
5 328 642 595 292 103
6 326 644 595 292 102
6 325 637 596 292 103
5 328 663 595 292 103
6 329 637 595 291 104
5 330 637 595 291 103
4 334 666 594 290 104
4 336 661 594 290 103
3 338 642 593 291 103
4 338 665 592 290 102
5 339 644 593 290 102
5 335 636 592 289 101
6 339 643 591 288 102
5 339 669 590 289 101
6 338 655 591 288 101
6 334 636 591 289 102
5 334 655 592 289 102
6 329 657 592 288 101
7 333 667 591 287 101
6 331 637 592 286 101
6 326 638 592 285 101
6 324 632 592 286 101
5 323 640 593 286 101
5 320 650 594 285 100
5 323 649 595 285 101
6 327 662 594 285 100
7 322 649 593 286 99
6 319 657 594 287 98
7 318 651 594 286 98
6 320 641 593 285 98
6 318 642 593 286 98
6 320 649 594 285 97
5 316 636 594 285 97
5 320 650 594 284 96
6 322 666 595 283 95
6 321 652 595 282 96
7 319 641 596 282 96
7 322 649 597 281 95
6 325 666 598 282 96
7 326 659 598 281 95
7 323 669 598 280 94
7 318 653 599 281 93
6 314 661 599 280 94
6 318 645 598 280 93
6 321 668 598 279 94
5 316 642 599 279 95
6 312 663 598 280 94
6 314 649 598 280 93
6 318 668 598 280 92
6 318 650 599 280 92
6 316 646 600 279 93
6 314 663 599 280 94
6 317 651 598 280 95
6 319 637 597 281 96
5 315 668 598 282 95
4 311 652 599 282 95
5 308 636 599 282 94
4 305 665 599 281 95
4 303 660 598 280 95
5 306 644 598 279 94
4 308 666 599 280 94
3 312 659 600 279 93
4 310 665 599 279 93
4 314 646 598 278 93
4 309 651 598 277 94
5 313 653 598 277 95
6 317 651 598 276 94
6 312 660 599 276 95
7 307 647 598 275 95
7 311 663 597 276 96
7 310 635 596 275 97
7 306 640 596 275 97
6 307 647 595 276 97
7 302 638 594 276 96
7 299 642 593 275 97
8 295 641 592 274 96
7 292 656 593 273 97
8 292 649 592 272 97
7 292 646 592 273 97
6 289 661 593 273 96
7 285 630 594 272 95
8 282 639 595 271 95
7 284 645 594 270 95
7 287 645 594 271 94
8 284 634 594 272 94
7 286 651 595 271 95
8 282 633 596 271 96
8 283 669 596 270 95
8 284 637 597 271 95
7 288 641 598 272 95
8 286 635 598 271 96
8 284 665 598 270 95
9 284 650 598 269 95
8 282 655 598 270 94
7 280 657 597 271 93
7 279 658 597 271 93
8 280 657 597 271 93
8 278 669 598 272 93
9 277 640 597 272 93
10 277 631 596 271 92
11 280 647 595 272 91
12 281 630 594 271 90
12 280 659 593 271 91
12 279 653 592 272 92
12 280 655 593 272 91
11 275 645 593 271 92
11 273 667 593 271 91
10 272 632 592 270 91
10 276 653 591 270 92
11 280 657 592 269 91
12 275 653 593 268 90
12 274 664 592 269 90
13 275 639 593 270 90
13 278 650 593 270 90
12 279 656 592 269 91
12 281 646 592 269 92
12 280 659 593 269 91
12 276 642 594 270 92
11 271 637 594 271 92
11 272 669 594 271 93
10 276 644 594 272 94
10 277 662 594 271 94
10 273 630 595 270 93
10 268 658 594 270 94
11 271 645 595 271 93
10 274 659 595 271 93
11 271 656 594 272 92
10 267 636 594 271 91
11 271 660 593 272 90
11 272 650 593 273 89
10 272 650 592 273 90
9 273 653 592 274 89
9 277 649 593 275 89
8 279 645 593 274 90
7 281 635 592 274 90
7 280 648 591 275 90
7 275 630 590 275 89
8 275 665 591 276 88
7 270 664 590 276 87
8 274 642 589 275 88
9 277 653 590 274 87
8 279 650 590 274 87
7 275 669 591 275 88
7 271 650 590 274 89
7 268 669 591 275 90
7 263 642 592 276 91
8 261 640 592 277 92
8 256 634 591 276 91
9 257 638 592 276 90
10 260 643 591 276 90
10 262 650 592 276 89
10 265 660 591 275 88
11 266 657 590 276 89
10 261 664 591 276 89
9 263 653 591 275 88
8 267 654 591 275 89
9 269 650 592 276 88
8 273 657 593 275 88
9 269 648 594 275 89
8 266 630 593 276 88
7 267 654 593 275 88
6 270 661 594 274 89
5 269 655 594 273 88
4 273 647 595 273 88
4 270 662 594 274 89
4 274 646 594 275 89
4 275 636 595 274 88
5 278 659 594 275 87
6 274 642 594 275 87
6 278 641 593 274 86
5 276 642 592 275 87
6 272 656 591 274 87
6 269 631 590 274 88
7 269 652 589 274 87
6 267 668 588 273 87
6 264 668 588 272 87
7 262 666 588 271 87
8 259 663 587 271 86
9 262 635 587 272 85
8 261 657 588 271 86
7 260 635 589 270 85
6 264 668 588 269 85
7 260 654 587 270 84
7 260 642 587 271 83
7 260 636 587 270 83
6 261 664 588 271 82
5 264 657 588 271 83
4 264 644 587 270 83
4 261 665 586 270 84
5 257 648 586 269 84
4 255 631 586 269 83
4 259 639 585 268 82
4 256 646 586 268 83
3 260 669 586 267 84
3 260 656 585 267 83
2 264 644 586 267 82
1 265 644 587 268 81
1 267 664 588 267 81
2 263 653 587 268 80
3 263 653 587 267 80
2 261 660 586 266 80
2 261 663 587 265 79
3 262 663 588 266 78
4 260 664 587 265 79
4 263 651 588 266 80
5 260 664 589 267 80
5 260 668 589 268 79
5 261 644 589 267 80
5 262 669 588 268 80
5 264 633 588 267 80
6 265 651 587 268 81
7 262 667 587 267 81
6 260 643 586 266 82
6 261 631 585 265 81
5 258 667 584 266 81
6 262 647 584 265 81
5 262 646 583 264 82
5 263 668 582 263 83
4 264 648 583 264 84
5 266 646 583 263 85
4 261 642 584 262 86
3 263 664 585 261 87
3 260 663 585 260 87
4 256 631 585 261 87
3 255 636 585 261 88
3 259 633 585 262 87
4 262 638 584 261 88
4 264 635 584 260 89
4 265 668 584 259 88
5 268 660 585 259 87
6 267 630 585 260 86
5 264 662 585 259 85
5 262 653 586 259 84
6 259 666 585 259 84
6 254 633 584 259 83
7 250 660 584 268 84
7 251 641 585 267 84
7 249 636 586 268 84
7 244 636 587 268 84
6 243 652 586 269 85
5 240 662 586 269 84
5 237 649 585 268 85
5 240 646 586 268 84
5 239 656 586 267 83
5 239 645 585 267 84
4 236 643 584 266 84
5 234 664 583 265 83
5 238 668 583 265 84
6 238 645 583 265 83
5 242 662 584 264 82
4 246 652 584 265 83
3 247 652 583 264 84
3 247 669 584 263 85
2 245 649 583 264 85
2 241 647 584 265 86
1 242 639 585 264 85
0 242 640 584 263 84
0 243 667 585 262 83
1 242 640 586 261 82
0 241 646 587 260 82
0 240 663 588 261 83
1 242 648 588 262 82
2 238 647 588 261 81
3 234 630 588 262 81
3 236 652 587 261 81
2 235 659 586 261 80
1 235 663 585 262 81
0 232 650 584 263 81
0 232 641 584 263 80
0 232 658 583 263 81
0 229 668 584 262 81
1 229 643 584 262 81
1 228 637 585 261 81
1 231 653 584 262 80
1 226 638 585 262 80
0 224 657 585 261 79
0 225 632 585 261 80
0 220 639 586 262 79
1 222 637 585 263 80
1 221 648 584 264 79
2 225 643 584 265 79
3 222 661 583 266 78
4 217 636 583 265 78
3 215 652 582 264 79
3 216 650 581 265 79
4 211 643 580 265 78
3 213 639 580 264 79
2 208 653 580 263 79
1 208 642 580 264 78
2 207 658 581 265 78
3 202 638 580 265 77
3 206 636 579 264 77
4 210 660 578 264 78
3 209 653 579 264 79
3 207 640 578 265 78
3 203 653 579 265 78
2 201 632 578 266 77
2 205 656 577 267 76
3 201 632 577 266 76
4 197 668 577 267 76
3 192 667 577 268 75
4 190 632 576 269 75
3 189 668 576 270 74
3 188 657 577 271 74
4 192 651 578 272 73
4 193 631 577 271 73
5 192 650 577 271 73
4 193 637 576 271 74
4 193 654 577 271 75
5 196 653 578 271 75
5 200 650 578 270 74
6 199 642 577 271 73
5 195 655 578 271 72
4 194 632 578 271 71
5 191 648 577 270 72
4 188 639 576 271 73
3 192 657 577 272 72
2 196 630 576 273 71
2 193 655 577 273 71
2 189 659 577 273 72
1 189 659 576 272 73
0 187 638 576 272 73
1 189 656 577 273 74
1 186 646 578 273 75
1 189 635 579 272 74
0 192 668 579 273 73
1 189 665 579 273 72
2 189 651 580 274 71
2 193 651 580 275 71
1 189 650 581 274 72
1 185 638 580 273 72
2 188 633 581 274 72
1 184 648 580 275 72
0 186 656 579 275 72
1 184 661 578 276 73
2 188 638 579 277 73
1 184 662 579 277 74
1 181 637 578 278 75
0 181 650 578 278 76
1 176 667 578 278 76
1 171 662 577 277 76
1 173 644 577 277 77
2 176 648 578 277 78
2 178 660 578 276 78
3 182 649 579 275 78
2 179 657 578 274 78
2 182 656 577 275 78
1 180 662 577 276 78
0 181 651 577 277 77
0 181 666 577 276 77
0 185 632 578 276 77
1 187 663 578 275 77
1 184 633 579 276 78
2 188 656 578 276 79
2 191 654 578 276 79
1 192 642 578 276 78
0 194 636 578 277 78
0 193 651 579 277 77
0 195 658 580 278 76
0 198 657 579 279 75
1 200 668 580 278 74
0 201 634 580 278 75
1 197 649 580 278 75
1 192 649 579 278 75
2 187 631 578 279 75
3 184 633 579 279 76
4 183 653 578 280 77
5 180 634 579 280 76
4 184 640 579 281 75
3 180 657 579 282 75
2 182 654 580 283 76
1 183 661 581 283 77
1 179 632 581 282 78
1 182 661 582 282 77
2 185 661 582 283 78
2 189 653 583 284 78
2 191 657 583 284 79
3 194 640 584 285 79
3 198 644 583 286 78
3 202 631 583 285 79
2 198 639 582 285 79
3 193 664 581 285 78
3 197 632 580 285 79
4 196 651 579 286 78
3 197 630 580 286 79
3 193 630 581 285 79
2 196 640 581 284 79
3 193 657 581 285 78
2 188 631 580 284 77
1 189 668 581 285 76
2 191 636 581 286 77
1 195 653 581 286 77
0 196 636 582 287 77
0 199 662 583 287 77
0 203 663 582 288 77
1 204 644 582 288 76
1 202 655 581 289 75
2 202 635 581 288 75
3 203 630 581 287 76
2 206 646 580 286 75
2 203 664 579 286 75
2 202 666 578 285 76
3 203 647 579 284 75
3 198 634 578 285 76
4 193 660 578 286 77
4 196 654 578 285 78
4 197 659 578 284 79
5 200 637 578 285 78
4 200 663 579 284 77
3 202 651 580 285 78
4 202 661 580 284 77
5 201 660 580 283 77
4 202 636 580 284 77
5 202 655 580 284 76
5 204 657 579 285 76
4 204 630 580 285 77
4 201 649 579 286 77
3 199 658 580 286 77
3 197 630 579 286 78
2 193 644 578 285 78
2 195 636 578 286 77
3 191 638 577 285 78
2 188 661 577 286 79
1 189 657 576 285 79
0 190 649 577 286 78
1 185 656 578 285 79
0 181 641 577 286 80
0 179 659 577 286 81
1 182 658 578 286 82
1 177 630 578 286 82
2 177 646 579 286 83
2 181 640 579 286 84
1 179 637 580 285 83
1 177 632 581 285 83
2 173 651 581 286 82
1 168 666 581 286 82
1 172 643 581 286 82
0 169 649 582 285 81
1 165 632 581 286 80
2 166 644 582 286 79
2 167 652 581 286 79
2 162 643 580 287 79
2 158 641 579 286 78
1 154 636 580 286 79
0 158 660 581 286 79
1 162 662 580 286 79
0 163 666 579 286 78
1 167 632 580 286 79
2 165 634 581 286 79
2 166 666 582 287 78
3 164 649 583 287 78
2 164 649 584 287 77
1 168 644 583 287 78
1 169 665 583 287 77
1 171 663 584 287 76
1 172 636 583 286 75
2 174 668 582 287 76
3 169 639 581 288 76
3 171 648 582 287 76
4 168 652 582 287 77
5 170 655 581 288 78
5 173 643 582 288 79
6 171 647 583 287 78
5 168 666 582 287 77
6 170 649 581 288 78
6 170 668 580 289 77
6 174 652 580 288 78
7 175 669 579 289 78
8 173 667 580 289 79
7 174 652 580 288 80
6 175 646 579 288 79
6 178 635 578 289 80
6 177 630 579 289 79
7 173 649 580 289 80
7 172 642 579 289 79
7 173 647 579 289 80
8 175 638 580 290 80
9 170 655 580 290 80
9 167 666 580 290 80
8 162 633 579 291 80
8 161 657 580 292 81
9 165 632 579 291 82
10 161 663 580 290 82
11 165 642 581 289 81
12 161 637 581 288 82
13 164 645 582 289 81
12 166 633 582 289 82
11 161 654 582 289 81
10 160 662 581 288 82
11 158 659 581 289 81
10 153 658 580 289 80
9 153 657 580 289 79
10 153 662 580 290 79
11 152 640 580 289 79
10 152 656 581 290 78
9 154 642 582 289 79
10 157 636 581 288 80
9 159 660 580 289 79
8 155 632 580 288 78
8 159 668 580 288 77
9 158 638 580 289 77
8 154 657 579 289 76
8 158 644 580 288 75
9 159 664 581 287 75
8 154 655 581 288 74
8 156 667 582 288 74
8 160 654 583 289 75
8 160 669 583 290 76
7 162 650 583 289 77
7 162 657 583 289 76
7 163 659 584 290 75
6 163 649 583 290 75
5 166 630 582 290 76
5 167 643 583 289 75
5 169 666 582 288 75
5 170 646 582 288 76
4 170 633 581 288 75
3 165 635 580 288 75
3 165 635 580 289 76
3 164 639 581 290 77
4 167 662 580 289 78
5 170 652 581 288 79
4 169 641 580 288 78
4 169 632 581 289 79
4 164 631 581 290 78
3 160 639 581 290 78
3 156 657 580 289 77
3 153 666 581 289 77
4 157 636 582 288 77
5 158 633 581 287 76
5 159 649 581 286 76
6 155 637 581 285 75
6 150 635 581 285 75
6 145 655 581 284 74
6 143 634 581 284 73
6 140 653 581 285 73
6 144 662 581 284 74
6 142 659 582 285 75
6 146 647 581 284 74
6 146 630 580 283 73
5 148 649 581 284 73
5 146 652 580 283 73
5 150 660 579 284 72
5 152 649 580 283 72
4 156 641 579 282 72
3 155 659 579 282 71
2 157 657 579 283 71
3 156 669 578 282 71
4 153 631 579 283 70
5 148 657 578 283 69
5 146 653 577 283 68
6 148 647 577 284 69
5 149 635 576 283 70
5 149 651 576 282 70
5 145 652 575 281 70
4 147 635 574 280 69
4 142 659 574 280 70
3 144 646 574 279 71
4 142 642 574 280 72
3 143 633 574 279 71
3 143 634 573 279 70
2 145 660 573 280 71
1 149 630 573 279 72
2 149 650 573 280 72
1 146 666 574 280 72
0 147 638 575 280 73
1 149 664 576 281 74
0 145 649 577 282 75
0 149 667 577 283 76
1 153 640 576 282 76
1 150 660 577 283 75
1 150 659 577 284 74
2 149 649 576 283 74
1 145 665 575 283 75
0 143 654 576 282 76
1 141 631 576 283 77
1 138 667 575 282 76
2 133 656 575 283 76
3 134 644 574 284 76
2 134 663 573 284 76
1 134 655 572 283 77
2 138 665 572 284 78
3 137 647 573 283 78
4 136 630 573 284 77
3 134 631 573 283 78
3 136 638 572 283 79
4 135 651 572 284 79
5 133 633 572 285 78
5 134 640 572 286 79
6 136 647 571 285 80
6 133 651 572 285 79
5 134 639 571 285 78
5 129 647 572 284 79
5 124 644 573 284 80
5 125 631 573 283 81
4 123 633 573 282 80
5 124 651 572 282 81
6 124 662 572 281 82
5 124 663 573 280 81
6 124 643 574 281 81
6 122 654 574 281 80
7 119 634 575 280 81
6 118 637 574 279 82
6 119 650 573 280 81
5 123 668 574 281 80
6 124 630 575 281 81
7 124 663 574 282 81
7 120 645 574 282 80
6 117 642 574 282 80
7 114 642 574 281 81
8 116 635 575 281 82
8 118 645 575 280 81
8 116 641 576 281 80
9 117 633 576 281 81
8 121 642 576 281 80
7 123 669 577 280 81
8 120 633 577 281 81
9 122 655 576 281 81
9 122 630 576 281 80
9 125 650 576 282 81
8 128 664 577 282 81
8 131 641 576 282 82
8 133 669 576 281 83
9 131 636 577 282 84
8 133 641 576 282 83
7 136 648 576 281 82
6 134 636 575 282 81
7 137 660 574 283 82
8 138 638 573 283 81
8 139 663 574 282 80
9 138 645 575 283 80
10 139 661 574 282 81
11 140 639 574 282 82
10 137 657 574 282 82
11 134 658 574 281 83
11 134 637 575 280 84
10 130 648 576 280 85
9 134 660 577 279 84
8 137 640 576 278 85
8 140 658 575 277 86
9 144 640 574 276 86
10 146 666 574 275 85
9 141 662 574 274 84
8 138 661 573 275 84
7 137 653 572 274 84
8 133 635 571 273 84
7 130 636 570 273 85
6 134 658 570 272 85
5 132 650 570 272 84
6 128 636 571 273 83
6 125 661 570 274 83
6 127 630 570 275 83
6 122 649 570 274 84
5 117 652 570 274 85
4 120 662 570 275 85
4 117 641 569 274 84
5 115 658 569 274 84
6 114 634 569 273 85
6 115 669 569 274 86
5 112 658 568 275 86
4 111 635 569 276 85
5 112 665 568 276 84
6 116 660 568 276 84
6 111 639 569 275 84
5 114 630 570 276 83
4 118 669 570 276 84
4 115 660 569 277 84
3 110 643 568 276 85
2 105 663 569 277 85
1 100 668 569 276 86
1 98 634 568 276 85
1 100 645 569 277 84
2 95 652 569 277 83
2 91 638 570 277 84
2 94 630 570 278 83
1 97 664 569 278 83
1 97 659 570 279 84
1 99 646 570 280 84
2 103 655 570 281 85
3 104 655 569 280 84
3 102 648 570 280 84
4 101 655 571 280 83
3 97 649 570 281 84
4 97 654 569 282 85
3 97 653 570 282 85
3 101 632 571 283 84
4 104 656 570 283 84
3 100 668 569 284 85
4 103 633 569 283 85
4 100 641 568 283 86
4 99 643 569 283 87
5 99 643 569 282 87
5 102 666 570 281 86
5 104 653 569 280 85
4 108 642 568 279 84
4 108 663 568 280 84
5 105 659 568 281 84
5 107 655 568 281 85
6 111 665 569 282 85
7 114 643 569 282 85
6 114 640 569 283 86
5 110 637 569 283 85
6 106 652 569 284 84
6 108 640 570 285 83
6 109 645 571 286 83
6 112 632 570 286 82
7 107 633 569 285 82
6 104 631 568 286 83
5 100 660 567 285 84
6 104 642 567 285 84
6 106 650 568 286 84
6 107 651 567 286 85
7 107 660 566 285 85
7 105 663 567 285 84
7 104 632 568 286 83
8 106 664 567 286 83
7 101 667 567 286 83
8 102 646 567 286 84
8 97 666 566 287 84
8 93 647 565 286 84
8 95 646 566 286 84
8 97 654 567 285 85
9 93 668 566 286 84
9 95 632 565 287 84
9 91 644 566 288 83
10 91 633 566 288 84
10 93 657 565 289 85
9 96 630 564 289 84
10 96 639 564 289 83
10 95 653 564 289 82
9 93 667 564 290 81
8 88 639 563 291 80
8 84 659 564 292 80
8 86 631 565 291 80
7 85 654 566 292 80
8 81 643 567 293 81
9 76 669 568 293 80
9 71 639 567 292 80
9 73 665 566 293 80
10 70 665 565 294 79
10 71 646 566 295 79
10 72 655 567 294 78
10 69 669 566 294 78
11 69 661 565 295 79
12 73 647 566 294 79
12 71 660 567 293 80
12 66 660 567 293 80
13 66 662 566 293 81
13 66 659 567 293 80
12 66 660 568 294 79
13 62 660 568 293 78
13 60 656 569 294 77
14 55 665 570 295 78
14 54 647 569 294 77
13 51 634 568 294 76
12 50 663 568 293 77
11 52 663 569 294 76
10 53 631 570 294 75
10 48 632 570 294 75
11 48 637 569 293 75
12 51 657 568 292 74
11 53 657 569 291 75
12 54 656 570 291 74
13 58 655 570 290 73
13 56 664 569 291 72
12 53 642 568 292 71
11 48 632 569 291 71
11 50 660 569 290 71
10 50 652 569 291 72
11 52 667 568 291 72
12 48 668 568 292 73
12 43 646 568 292 74
13 43 635 569 293 74
12 39 645 568 294 73
11 38 632 567 295 72
11 42 640 566 294 73
12 37 664 567 295 74
11 41 638 567 294 75
11 43 644 567 293 76
11 46 630 567 292 77
12 48 637 567 291 77
12 45 668 566 290 76
13 43 646 565 289 77
14 47 665 564 290 76
13 43 642 565 289 76
13 44 661 565 290 76
12 41 652 566 291 75
12 36 665 565 290 76
11 39 645 565 290 75
10 37 662 564 291 74
9 32 639 563 291 74
9 31 634 563 292 74
10 28 632 564 293 74
11 23 633 565 294 73
11 25 650 564 295 73
10 22 649 564 294 72
11 23 631 564 293 72
11 18 646 564 294 72
11 16 666 564 294 73
10 13 652 563 294 72
10 17 648 564 293 72
9 15 636 565 292 73
10 19 668 566 291 73
10 15 630 567 292 72
9 12 634 567 293 71
8 13 637 567 293 72
7 8 643 566 292 72
8 7 665 565 293 71
9 9 630 564 294 71
8 11 630 565 293 72
8 13 664 564 294 71
7 17 650 563 294 71
6 15 642 562 295 70
7 10 668 563 296 70
7 12 656 563 297 70
7 9 641 564 298 69
7 12 649 563 299 70
8 11 649 562 298 69
9 15 666 561 297 69
8 18 647 562 296 69
8 18 669 563 295 69
9 22 646 562 294 69
10 20 654 562 295 70
11 21 663 561 296 69
11 21 638 561 296 70
10 25 647 562 297 70
11 23 656 561 296 70
11 19 630 560 296 70
12 14 657 561 296 71
13 18 635 561 295 70
14 21 636 561 296 71
14 17 660 560 297 70
15 15 650 560 296 69
14 19 658 561 297 69
13 18 648 561 297 70
14 14 641 562 297 69
15 14 635 562 297 70
16 9 645 561 298 69
15 13 630 562 298 70
14 14 633 561 299 71
15 14 667 562 298 70
15 17 658 561 297 71
16 13 656 562 298 71
17 10 641 562 299 70
17 9 656 563 299 71
17 8 630 563 298 70
18 11 666 563 297 69
19 10 664 562 298 70
20 12 639 561 297 70
21 13 642 561 297 69
22 8 660 562 296 69
21 12 656 563 295 70
20 7 647 563 294 69
20 2 663 563 293 69
21 359 646 562 293 69
20 3 651 563 293 68
21 2 642 564 293 67
20 0 634 565 292 66
20 4 634 564 291 67
21 5 647 563 292 68
21 8 652 564 293 67
22 8 650 565 294 67
21 6 654 565 294 67
20 9 666 564 293 68
21 4 635 563 294 69
22 7 661 563 293 68
22 2 656 562 292 67
22 2 631 563 293 66
22 357 638 562 294 65
21 354 663 563 293 65
20 349 649 564 294 65
21 345 640 565 294 66
22 342 646 565 293 66
21 346 636 566 292 67
20 346 636 565 292 66
21 347 635 566 293 66
20 350 633 567 293 65
21 354 657 566 292 64
20 351 636 565 293 65
21 351 662 566 292 65
20 346 642 566 292 65
21 342 648 567 291 65
22 345 634 568 290 66
21 345 644 569 289 66
21 347 635 570 290 65
20 349 665 571 291 65
19 351 669 572 290 64
18 351 646 573 290 64
18 350 660 574 291 65
17 352 658 573 292 65
17 355 656 574 292 64
18 358 642 574 291 65
19 2 634 573 292 66
18 0 641 574 292 66
19 2 665 575 291 65
20 1 640 574 292 65
19 4 642 575 292 66
20 3 653 576 291 65
19 0 645 576 290 66
19 2 657 576 289 67
19 4 643 576 289 66
18 3 634 577 289 66
19 6 653 577 288 66
19 7 631 577 287 67
18 9 656 576 288 66
18 9 666 576 289 65
19 13 644 577 290 66
19 8 648 578 290 65
18 5 651 577 289 65
17 6 661 577 288 65
17 7 647 578 288 65
17 9 660 579 287 66
18 13 660 579 286 65
17 10 659 579 286 66
16 9 652 578 285 65
17 9 667 578 285 66
17 4 649 579 286 66
17 2 637 579 285 65
18 1 661 579 286 66
18 4 648 580 287 67
17 1 645 580 288 68
17 0 648 581 288 67
18 355 651 580 288 68
18 355 649 579 289 69
18 353 658 580 289 69
17 349 650 579 288 70
17 344 659 580 288 71
17 345 645 580 289 70
17 348 654 579 288 69
16 343 667 578 288 70
16 347 637 579 288 71
17 347 637 579 288 70
17 350 634 580 288 70
18 346 646 580 287 69
17 346 664 580 288 69
18 350 637 579 288 69
18 350 647 580 288 69
19 353 646 579 289 69
19 355 648 580 289 69
18 351 665 579 290 68
17 351 648 580 291 69
17 351 666 580 290 69
17 350 634 581 289 70
17 345 664 582 289 70
18 346 668 583 289 71
17 344 643 584 290 70
18 340 651 585 290 71
17 339 669 586 291 70
16 341 666 586 290 71
15 343 657 587 291 70
14 343 668 588 292 70
15 342 641 589 293 69
15 343 667 588 294 70
14 343 666 587 295 70
13 344 641 587 294 71
14 343 635 588 293 70
13 343 636 589 294 71
12 339 643 590 295 70
11 335 638 589 296 71
10 339 633 588 295 70
10 337 641 588 296 69
11 333 646 587 295 68
12 330 665 588 294 67
13 325 669 589 294 67
12 325 668 588 295 68
12 326 667 588 294 67
11 325 636 588 293 68
11 323 633 589 294 67
12 321 644 590 293 66
11 325 663 591 294 66
11 325 665 590 294 65
11 324 652 590 295 64
10 322 631 591 295 65
9 326 649 591 294 66
8 325 652 590 294 66
8 322 636 590 294 65
7 323 650 591 295 66
7 327 648 591 296 65
8 327 637 592 295 64
7 327 634 593 295 63
7 324 644 594 295 63
7 322 639 595 296 62
6 321 660 595 297 63
6 316 649 596 296 62
6 314 663 595 296 61
6 312 665 595 295 62
5 312 660 596 296 62
6 312 664 595 297 62
7 311 664 596 297 63
8 312 638 595 296 64
7 309 649 596 297 65
8 310 668 595 298 66
7 313 650 594 298 66
7 308 645 595 298 65
7 305 666 595 298 65
8 301 664 596 297 64
8 304 663 596 296 63
9 299 657 595 296 63
8 294 632 594 295 63
8 290 653 594 295 64
7 291 632 594 294 64
7 293 653 595 294 63
8 292 654 596 295 62
8 292 643 596 294 63
9 288 648 597 295 62
9 292 664 597 296 62
10 293 663 596 297 63
10 297 646 597 296 62
11 299 662 597 296 63
11 301 650 597 295 62
12 299 652 597 294 62
12 294 666 596 294 62
12 291 665 595 293 62
11 290 653 594 292 61
10 285 644 595 291 60
11 288 633 596 290 61
12 289 634 596 291 60
13 286 662 595 291 61
14 287 658 596 292 60
15 288 648 596 292 59
16 285 662 595 291 60
16 286 642 596 290 59
17 288 652 596 290 60
18 290 638 595 289 59
19 287 641 595 289 58
20 291 650 594 289 59
20 295 631 593 288 58
20 299 638 594 288 59
20 298 645 594 288 58
20 301 664 594 289 59
21 298 636 594 288 59
22 300 648 595 289 58
22 301 634 596 289 58
22 298 656 595 288 57
21 295 654 595 287 56
21 293 644 595 287 56
22 296 644 594 287 56
23 297 649 593 288 57
22 295 650 594 288 57
22 291 664 593 287 56
23 294 664 594 288 57
24 289 642 593 289 57
23 292 655 592 288 57
23 293 654 592 288 58
23 288 631 592 289 58
23 284 653 592 290 58
24 284 668 592 289 57
23 282 656 591 290 57
24 286 659 590 291 57
23 290 656 590 290 57
24 291 669 591 291 57
23 294 635 590 290 58
24 291 638 590 291 59
0 289 639 591 292 60
1 284 639 590 292 60
1 288 640 589 291 61
0 286 647 590 290 62
0 284 660 590 289 63
1 283 656 591 289 64
0 281 655 590 290 64
1 279 653 590 289 65
0 282 657 590 290 64
1 286 664 589 289 63
1 281 667 590 288 62
2 284 657 589 288 61
3 280 665 590 288 60
2 282 659 590 288 60
2 282 665 591 287 59
3 278 633 591 286 60
3 280 634 590 286 61
4 279 637 589 287 60
5 281 633 590 287 61
6 284 641 591 287 60
6 280 638 592 287 60
7 283 662 593 287 59
8 280 668 592 287 60
8 283 664 592 288 59
8 282 630 591 288 59
8 282 668 590 288 60
9 280 653 591 289 59
10 279 658 590 288 59
10 275 639 589 288 60
9 273 660 590 287 59
9 272 658 589 286 58
10 267 640 588 287 58
10 264 638 589 287 58
9 260 666 588 288 58
8 256 656 589 288 58
7 253 634 588 287 59
8 253 635 589 288 59
7 256 637 589 288 60
7 258 635 589 287 59
6 259 631 588 286 58
6 259 650 589 287 58
7 257 644 590 288 59
8 253 660 590 287 60
9 251 655 589 288 59
8 249 654 589 288 59
9 246 660 589 288 60
10 244 649 588 287 61
10 246 640 588 286 60
9 245 661 587 286 61
9 248 649 587 287 60
9 246 665 587 287 59
9 244 647 586 288 59
9 239 632 587 289 60
9 236 657 588 290 59
9 232 654 589 289 59
8 232 651 589 288 60
8 233 656 590 287 59
7 231 645 591 288 59
6 233 650 590 289 60
5 231 655 589 289 59
6 226 635 589 288 59
7 230 639 589 287 59
6 230 643 588 287 60
6 233 653 588 286 59
5 232 637 588 285 60
5 228 653 587 285 60
5 232 632 588 286 61
5 231 644 587 286 61
6 230 640 586 285 60
6 229 646 586 286 61
5 232 634 586 285 61
4 227 643 585 286 61
5 226 669 586 287 61
6 228 665 586 288 60
7 232 652 586 287 60
7 234 659 587 288 61
8 236 649 588 289 62
7 234 641 588 290 61
6 231 636 587 291 60
5 228 650 588 291 61
5 225 641 587 291 60
6 226 644 587 291 60
6 225 648 588 290 61
7 224 644 589 290 60
6 227 647 589 289 60
6 229 664 589 288 60
5 226 667 590 288 61
4 227 640 590 287 62
3 227 636 591 287 62
3 227 669 592 288 61
4 224 630 592 288 60
3 221 666 593 289 60
3 221 668 592 288 61
2 221 630 593 289 62
2 222 632 594 288 63
1 225 660 593 287 62
1 221 630 594 288 62
2 216 665 593 287 63
1 211 655 592 286 64
1 209 635 591 286 64
0 212 641 592 287 65
1 211 651 592 287 66
1 215 668 592 286 67
0 211 657 591 287 67
1 213 641 590 286 68
0 214 669 591 287 67
1 215 636 591 287 66
2 211 662 590 288 65
1 208 656 589 289 64
0 207 651 590 290 63
1 203 666 589 289 64
0 203 638 589 290 63
1 204 630 590 289 63
0 202 664 590 290 63
0 200 647 589 291 63
1 197 630 588 292 62
0 200 643 587 293 62
0 195 635 587 294 61
1 191 659 586 294 62
0 190 640 585 294 62
0 192 664 585 294 63
1 194 662 584 293 64
0 196 657 585 294 65
0 192 667 586 295 66
1 190 634 587 294 65
0 186 650 587 293 65
1 190 631 588 292 65
2 185 660 588 293 66
3 188 647 588 292 67
4 183 652 588 292 67
3 183 661 589 292 67
4 186 633 589 293 67
5 183 656 588 293 66
6 181 660 589 294 66
6 184 642 589 293 65
7 187 665 588 292 64
6 185 654 589 292 64
7 180 650 589 293 63
8 182 658 590 293 63
7 183 630 591 293 64
8 179 661 592 293 65
9 179 648 592 293 66
8 181 660 591 292 66
7 183 643 591 291 65
6 186 644 590 290 65
7 182 643 589 290 65
6 181 644 590 291 66
6 178 631 589 292 65
7 177 644 588 291 66
7 181 634 587 290 67
7 185 646 586 291 67
7 184 649 586 291 66
8 185 637 585 292 67
9 187 638 586 291 67
10 191 635 586 291 67
11 191 650 586 292 66
12 187 669 585 291 66
11 188 665 586 292 66
11 190 634 585 293 66
12 187 647 584 293 65
13 190 666 585 292 64
12 185 648 585 291 64
11 189 642 585 290 64
11 186 661 586 291 64
11 184 651 586 290 64
12 179 642 587 289 64
13 180 659 587 290 63
14 175 659 587 289 63
15 171 644 587 290 62
15 174 663 586 290 61
14 170 656 585 289 61
14 174 660 585 289 61
15 171 655 584 289 60
14 170 633 584 288 59
13 168 656 583 287 59
13 171 659 583 286 60
14 171 660 582 287 60
13 173 655 583 286 60
14 174 641 583 285 59
14 173 662 583 286 59
15 169 634 584 286 59
14 165 630 583 286 58
15 163 668 584 287 58
14 160 660 583 287 57
14 155 644 584 288 56
13 159 655 585 288 55
14 162 653 586 288 56
15 163 640 587 287 55
15 165 646 586 287 54
15 160 661 587 287 53
14 162 656 586 287 53
15 158 636 585 288 52
16 155 662 585 287 52
15 152 652 586 287 53
14 152 646 587 287 53
14 149 647 587 286 52
13 147 668 587 285 51
13 143 659 587 286 52
12 144 654 586 286 53
11 148 648 587 287 52
12 149 667 586 287 51
11 145 667 587 288 51
10 142 669 586 289 50
10 144 641 585 288 51
9 142 646 584 288 51
10 141 655 583 288 52
11 145 664 584 288 53
10 147 669 584 288 52
9 142 668 583 288 52
10 144 643 583 288 53
10 141 653 582 289 52
11 137 651 582 290 51
12 140 661 583 291 51
11 140 638 582 292 52
10 140 661 581 293 51
9 140 658 581 294 52
8 142 660 582 294 52
9 143 640 581 294 52
9 143 653 580 294 52
9 139 636 581 294 51
10 134 635 580 295 51
9 132 636 579 294 51
9 131 649 579 293 51
9 132 659 578 294 50
9 131 651 577 293 51
9 128 648 578 292 52
8 128 649 579 293 52
9 124 639 580 292 53
8 121 650 581 293 53
9 121 649 580 293 52
9 121 661 580 294 53
8 120 655 581 293 53
7 116 667 580 294 52
6 112 640 580 295 51
6 113 657 581 296 50
6 110 636 581 296 50
5 106 634 580 297 49
4 104 649 581 296 49
3 99 642 580 295 49
2 95 642 580 296 50
1 96 654 580 296 49
1 91 647 580 295 50
0 88 631 580 294 49
1 83 631 580 294 50
0 84 646 581 294 49
1 84 657 580 294 49
0 87 642 581 295 50
0 86 650 581 296 50
1 82 661 580 295 50
2 77 641 581 294 49
1 75 645 582 293 50
2 71 645 581 293 49
3 75 662 581 292 49
2 72 640 581 293 48
1 74 646 582 292 47
0 74 653 581 292 46
1 76 633 580 291 46
0 79 644 580 292 46
1 78 659 579 291 45
2 78 669 578 292 46
1 77 661 577 293 46
0 79 643 577 292 47
0 74 639 576 293 48
1 75 663 576 294 47
1 72 652 575 295 46
1 68 654 574 295 45
2 69 668 573 294 46
1 71 644 572 293 45
1 68 636 572 293 44
1 68 647 571 293 45
2 72 640 571 294 45
3 72 640 570 293 45
4 68 648 569 293 45
5 67 659 570 293 46
4 65 633 571 292 45
5 65 656 570 291 44
5 66 667 569 291 45
5 64 649 568 291 44
6 66 649 568 291 43
7 66 652 569 291 44
8 61 631 568 290 45
8 58 658 567 291 45
7 54 636 568 291 45
7 49 669 569 291 46
6 45 630 568 290 47
7 48 656 568 291 48
6 49 653 569 290 49
7 53 656 568 290 48
8 52 640 567 289 48
7 51 648 568 289 48
8 47 653 567 288 48
9 45 642 568 288 47
10 44 661 567 288 48
10 45 649 566 288 47
9 45 660 565 287 46
9 44 666 566 286 46
8 44 647 566 286 46
8 44 643 565 287 47
7 41 663 565 287 48
6 43 667 566 288 47
5 47 658 566 288 47
6 45 657 565 288 48
7 44 649 566 289 49
7 43 656 566 289 49
6 42 652 565 289 48
5 38 631 564 289 47
5 39 642 564 290 47
6 36 663 565 291 48
5 33 654 565 291 49
5 30 653 564 290 49
6 30 668 564 290 50
6 26 632 563 291 51
6 28 634 563 291 51
6 27 659 563 290 52
6 31 634 563 289 52
7 33 659 563 290 53
8 29 635 564 289 54
8 28 668 563 288 54
7 26 656 562 287 53
6 26 662 561 287 53
7 28 633 561 288 52
6 30 653 560 289 53
6 27 646 561 288 53
7 22 644 560 287 52
7 20 642 559 288 52
6 24 635 558 287 51
6 26 637 558 288 51
6 30 639 558 289 51
5 31 635 558 289 50
5 33 632 558 290 49
4 36 656 557 291 48
3 31 648 558 292 48
3 30 669 557 292 47
3 32 655 556 293 46
4 31 637 557 292 46
5 32 651 557 291 47
6 33 633 558 291 48
7 37 660 559 292 48
7 40 667 559 292 48
8 36 661 560 291 48
8 34 654 559 290 49
8 37 646 559 290 50
7 32 642 558 290 50
7 32 654 558 291 51
8 35 630 558 291 52
8 37 661 558 290 52
7 40 655 557 289 53
8 42 663 557 290 54
7 40 637 557 291 55
7 42 652 556 292 55
6 38 637 557 293 55
6 41 645 557 292 55
6 45 658 558 292 55
6 43 657 559 293 54
7 44 661 558 292 53
8 47 645 558 291 53
9 45 669 558 291 54
10 49 649 558 290 55
11 47 656 558 290 56
11 43 647 559 290 55
11 38 663 560 291 56
12 42 654 559 290 57
12 38 641 560 291 57
13 38 644 559 290 58
14 40 630 558 290 59
15 40 657 557 291 60
15 43 644 557 292 60
15 42 648 557 292 61
16 46 663 558 293 61
17 46 656 558 292 61
17 47 650 559 292 62
17 51 641 558 292 61
18 50 635 558 291 62
17 54 642 558 292 63
16 50 667 558 292 62
15 47 630 557 293 63
15 42 667 558 294 64
14 44 662 558 295 63
13 44 635 558 294 63
13 45 658 557 295 64
14 40 644 556 296 65
13 40 665 557 296 65
12 37 662 556 297 65
12 34 655 557 297 64
13 38 661 556 296 63
12 41 662 556 296 64
12 40 636 555 297 63
13 39 636 554 296 63
13 39 644 555 297 62
14 38 660 556 296 62
14 39 663 557 296 62
13 41 648 557 295 62
13 45 645 558 294 61
13 47 635 557 295 62
14 48 632 557 295 63
15 50 637 558 296 63
15 48 668 558 296 62
14 48 664 559 297 61
13 44 647 558 296 60
13 40 663 557 295 59
12 38 638 557 295 60
12 33 669 558 294 60
11 30 664 557 294 59
12 32 635 558 295 59
11 32 637 558 296 59
10 33 666 557 297 59
10 37 647 556 298 59
11 39 632 556 297 60
10 42 666 555 296 59
11 39 648 555 297 59
12 38 654 555 298 58
12 40 634 554 297 57
13 40 641 554 296 56
13 40 633 554 297 55
12 41 666 554 297 56
11 44 651 554 296 55
12 43 664 554 297 56
11 43 658 554 297 56
11 41 642 555 297 55
10 43 633 554 297 56
11 40 665 555 298 55
11 43 650 556 297 54
10 44 656 557 298 54
10 45 635 556 297 54
10 46 636 557 296 55
10 44 649 556 297 54
11 39 631 557 297 55
11 35 652 556 298 56
10 33 639 555 297 55
9 33 658 556 298 56
10 31 668 555 298 56
10 30 656 554 299 57
10 27 647 554 298 58
11 27 642 555 299 57
10 29 662 555 299 58
9 31 642 556 298 58
9 33 660 556 297 57
9 36 631 557 298 58
10 37 630 556 297 59
9 32 669 555 298 59
8 31 633 556 297 58
8 26 650 556 297 57
8 27 664 555 296 57
7 27 664 555 297 57
7 24 650 555 298 56
6 21 662 554 299 57
6 18 665 553 300 57
6 20 641 553 301 56
6 18 653 552 300 57
6 18 647 553 299 58
7 18 639 552 298 58
8 13 636 551 298 59
7 17 667 551 298 59
8 20 669 550 297 59
8 23 637 550 298 58
9 25 665 551 299 59
9 24 637 551 298 60
8 27 631 552 297 61
8 26 637 553 298 60
8 24 642 552 297 61
8 19 631 552 297 61
7 16 665 552 298 62
7 20 661 551 299 63
6 16 659 551 299 63
6 18 656 550 300 64
6 20 639 550 300 65
5 19 667 549 299 65
5 14 665 550 299 65
5 12 649 550 300 65
4 9 655 550 300 66
5 10 657 551 300 67
5 7 643 551 301 67
6 9 650 552 301 67
6 4 652 552 301 68
7 359 666 551 302 69
8 357 645 551 301 69
8 358 641 552 301 69
9 2 655 551 301 69
9 358 635 552 300 69
8 355 665 552 301 70
9 354 659 552 301 70
9 356 636 551 302 70
10 352 660 550 303 71
11 347 653 551 303 71
11 348 658 550 303 70
11 351 643 550 302 70
10 353 669 551 302 70
9 357 665 550 301 69
9 355 662 550 300 68
10 351 645 550 301 69
11 348 658 550 302 70
12 351 630 550 301 70
13 349 636 550 302 69
13 344 643 549 302 69
13 343 640 548 303 68
12 339 640 547 302 67
12 343 651 546 303 66
13 340 644 546 304 67
12 339 654 545 305 66
13 339 645 545 305 66
13 340 642 545 306 67
12 336 660 546 307 67
12 337 638 545 306 67
11 336 668 544 307 67
12 337 660 544 307 66
13 337 638 543 308 66
12 333 658 543 307 67
13 336 664 543 308 68
12 333 661 542 308 69
13 337 651 542 309 69
14 341 664 542 309 70
14 344 635 541 309 69
14 347 650 541 310 69
15 344 657 540 311 68
15 345 631 541 310 69
16 343 644 541 309 69
17 338 646 541 310 70
18 333 654 541 311 71
18 329 632 541 310 70
18 326 666 540 311 70
18 327 656 539 310 69
18 330 635 539 309 69
19 326 638 539 308 69
19 326 663 539 308 70
19 329 638 538 308 71
18 333 650 537 309 70
18 331 631 536 310 71
19 331 655 537 309 70
18 332 638 536 308 70
17 332 657 535 307 70
18 330 633 536 307 69
17 328 639 536 306 68
18 330 633 535 307 67
19 333 653 535 307 67
18 332 631 534 308 66
18 329 631 534 308 67
19 327 663 535 309 66
20 324 648 536 310 66
20 319 650 537 310 67
21 322 641 538 310 66
20 322 646 539 310 67
20 323 644 538 311 68
20 321 641 537 310 69
21 325 656 537 311 70
22 320 643 536 312 71
22 324 630 535 312 72
21 321 642 536 312 73
22 316 634 536 311 74
22 319 663 536 312 74
22 321 645 535 312 74
22 325 654 536 313 73
21 325 646 537 314 73
22 324 660 537 314 72
22 319 633 536 315 73
22 320 642 535 314 74
21 317 647 534 313 74
22 316 654 534 314 75
21 311 645 533 313 74
21 313 649 534 314 73
20 315 641 534 313 74
21 311 667 533 313 75
22 307 662 532 314 76
21 302 636 533 313 76
22 303 632 534 312 75
21 298 652 533 312 74
21 298 650 534 312 74
20 295 666 533 313 75
21 297 644 533 312 74
20 293 667 532 312 75
20 294 658 532 312 74
21 290 649 533 312 73
20 285 632 534 312 74
19 288 667 535 312 73
20 289 657 535 311 74
21 290 644 536 312 75
21 291 638 536 313 75
20 290 660 537 314 76
20 293 636 536 313 75
20 291 659 536 312 74
20 290 637 536 311 74
20 294 669 535 312 74
21 297 656 536 311 74
20 296 647 537 312 75
20 298 644 537 313 76
21 302 640 538 312 75
21 303 640 537 313 75
21 298 644 536 314 74
21 302 669 536 313 74
22 297 642 536 312 73
22 297 668 535 313 72
22 292 646 535 314 71
22 295 668 535 315 70
23 291 641 535 315 70
24 291 659 534 316 70
0 290 645 535 317 71
1 294 662 536 316 71
0 293 653 535 316 71
1 293 659 535 316 71
2 297 649 535 317 71
1 300 643 535 317 71
0 302 664 536 317 70
1 306 653 535 318 71
2 306 631 535 317 72
2 310 645 536 317 72
2 306 655 536 316 73
2 309 635 537 317 74
2 313 667 538 318 74
3 308 663 539 319 75
3 304 647 539 320 74
2 303 641 539 320 75
1 304 668 539 319 75
1 300 655 540 319 74
1 295 664 541 318 73
0 293 656 540 319 72
0 291 660 540 318 73
1 290 653 541 318 73
0 286 654 541 318 73
1 286 662 541 318 73
0 283 638 541 318 72
0 283 658 541 319 72
0 278 660 540 320 72
1 279 656 541 319 71
2 283 638 540 320 70
2 285 666 541 319 71
3 283 632 541 319 70
2 287 665 542 320 70
1 285 653 542 320 69
1 281 651 541 319 70
1 278 651 541 319 71
2 282 665 542 320 70
3 285 667 541 319 69
3 288 668 542 320 68
2 287 631 543 319 69
2 290 631 542 318 68
3 290 668 542 319 69
4 293 648 543 320 69
3 290 639 542 311 69
2 293 640 541 312 70
3 292 660 542 311 71
2 296 658 543 311 71
3 297 666 543 310 72
3 294 655 544 311 73
2 292 668 543 312 74
2 295 655 543 313 73
3 291 633 543 312 74
4 289 667 542 312 75
4 293 635 543 311 76
4 297 647 543 310 76
3 299 661 544 309 77
4 301 669 544 310 78
4 302 646 544 309 78
5 299 660 543 309 77
4 299 643 544 310 77
3 295 639 543 310 78
3 297 642 542 310 77
4 293 666 542 310 76
5 295 657 542 309 76
5 296 639 543 308 76
5 294 668 542 308 76
5 296 654 541 307 77
4 299 654 542 307 78
5 301 658 542 306 79
5 304 664 542 305 79
4 301 648 543 305 79
4 299 654 543 305 80
4 302 666 544 306 79
4 298 656 544 305 80
5 294 641 543 306 81
6 292 668 544 306 81
7 292 633 544 306 82
8 293 657 545 307 82
9 288 662 545 307 82
10 283 663 544 306 83
9 278 653 544 306 83
10 273 659 544 307 83
11 270 668 543 308 83
11 273 631 544 307 84
11 269 642 543 307 84
10 265 630 544 306 85
9 263 667 543 305 86
10 259 661 542 306 87
10 263 659 541 305 86
9 263 630 542 305 87
9 266 636 543 305 87
8 265 663 542 305 86
8 264 651 541 304 86
8 265 648 540 305 87
7 267 668 541 306 86
7 268 642 542 307 85
7 266 636 543 307 86
8 263 643 542 306 86
9 260 655 542 307 86
10 264 662 543 308 87
10 259 664 542 307 86
11 260 665 541 306 87
10 261 653 542 306 88
9 256 655 543 307 89
9 256 645 542 306 90
10 251 652 541 306 90
11 247 657 540 305 90
12 247 655 539 306 89
11 247 639 539 305 88
12 244 657 540 306 89
11 247 669 540 306 89
10 248 645 541 306 88
11 244 642 542 307 87
10 247 657 542 306 86
10 244 657 543 305 85
11 239 657 543 305 84
12 238 638 544 305 85
13 236 660 544 304 85
14 231 642 543 304 86
14 235 638 544 305 86
13 234 642 544 306 85
14 237 645 544 305 85
13 238 659 544 304 84
14 239 648 544 304 84
14 240 666 544 304 83
14 240 633 543 303 84
13 241 648 543 303 83
12 243 644 542 302 82
13 246 658 543 301 82
13 245 641 542 300 81
13 244 662 542 300 82
13 243 668 542 300 83
12 243 633 543 300 84
12 239 636 542 299 85
12 236 661 542 299 86
12 237 632 542 300 87
11 236 632 543 299 86
12 238 630 544 298 86
12 234 655 544 298 86
12 231 662 543 297 86
13 234 641 544 297 86
14 230 668 544 296 86
14 233 631 545 296 87
14 232 644 544 296 87
15 233 656 544 296 88
15 229 654 543 295 89
14 231 651 543 295 89
15 231 633 543 296 90
14 228 662 544 296 91
15 232 653 544 295 91
14 236 666 544 294 92
13 235 665 545 293 91
12 233 633 544 293 92
13 235 643 544 292 93
14 238 664 544 292 94
14 233 654 543 291 95
15 233 646 543 290 95
14 235 638 542 291 94
14 236 646 542 291 95
14 236 656 543 292 96
14 232 648 542 292 96
14 230 654 541 291 97
15 228 651 540 291 98
16 227 662 539 292 99
17 229 647 540 291 98
18 229 642 540 291 99
17 226 647 540 291 100
18 227 651 540 292 101
18 228 651 539 291 100
19 228 640 539 290 99
18 226 634 540 291 98
19 230 651 539 291 97
19 232 638 538 292 96
19 236 667 539 293 97
18 237 658 540 292 98
19 233 652 539 291 97
20 234 654 538 290 97
19 236 643 539 290 97
19 240 635 538 289 96
20 237 654 539 288 95
19 234 642 540 288 96
19 229 657 540 288 96
18 225 653 541 287 95
17 228 660 540 287 94
17 232 640 541 288 93
17 232 664 542 287 92
17 227 666 541 286 92
17 230 665 541 287 91
17 232 630 542 286 90
18 234 654 542 286 89
18 232 630 541 285 88
19 230 653 541 285 87
20 231 639 542 284 88
19 230 666 543 285 88
20 225 630 542 286 88
20 222 662 543 285 88
20 225 657 543 286 88
21 220 652 543 287 89
22 218 634 544 287 90
22 216 639 544 288 90
21 211 630 543 289 89
21 211 632 543 288 89
21 209 660 543 288 89
21 212 645 544 289 90
22 216 632 545 290 89
22 212 636 545 291 89
22 216 631 546 290 89
21 211 669 545 289 88
20 209 637 545 288 87
19 212 646 545 289 88
20 210 649 546 288 89
21 212 656 545 289 88
21 208 642 544 289 87
21 207 664 543 290 87
21 209 658 544 290 88
21 207 657 544 289 88
20 202 632 543 288 87
20 204 660 544 287 88
19 207 659 544 286 89
18 203 666 543 287 89
18 207 658 544 287 89
19 210 641 544 286 89
18 213 641 543 285 89
17 211 658 544 285 89
18 215 653 544 284 89
17 217 637 544 285 89
17 213 640 544 285 89
18 208 642 543 285 90
18 206 631 544 285 90
17 203 649 544 286 90
17 201 640 545 286 91
18 198 652 546 286 91
19 200 665 545 287 91
19 204 632 546 287 91
19 204 644 547 288 91
20 207 644 548 288 91
21 203 662 548 288 92
21 206 633 548 287 93
22 203 663 548 287 94
22 206 656 549 287 95
22 201 635 550 287 95
21 202 633 551 286 95
21 201 654 551 285 94
22 202 640 551 285 94
21 206 662 550 285 95
22 206 658 550 286 94
23 209 657 551 286 95
24 211 646 550 287 95
0 206 655 549 288 95
0 210 664 549 289 95
1 213 666 548 290 94
1 216 647 547 291 93
0 214 642 548 291 92
1 213 631 547 292 92
2 215 661 546 292 92
1 218 633 545 291 92
1 213 667 545 290 93
1 211 631 546 289 94
2 207 631 545 289 95
1 207 660 545 288 96
0 211 649 544 289 96
0 206 632 544 288 96
1 206 665 544 289 96
1 208 658 543 290 97
1 206 653 542 290 97
2 209 647 542 290 96
2 207 642 543 290 97
3 211 640 544 289 98
3 208 641 544 289 98
4 209 632 543 288 99
3 211 656 542 289 98
4 213 643 542 288 99
3 210 665 543 287 99
2 205 643 544 287 100
1 206 633 544 286 99
1 205 636 545 285 98
1 207 662 544 286 98
1 207 632 544 285 98
0 202 642 544 286 98
1 201 645 543 287 99
2 201 663 543 286 98
2 200 642 542 286 97
1 201 640 542 285 96
1 198 658 543 285 96
1 196 646 543 286 96
2 199 648 544 287 97
1 196 668 544 287 97
2 200 649 543 288 96
3 199 634 543 289 96
3 197 648 543 290 97
3 196 637 543 289 97
4 195 643 543 288 97
3 191 631 542 287 98
2 186 659 542 286 98
3 185 659 541 287 99
2 188 658 541 286 98
3 188 632 541 285 98
4 192 661 541 286 98
3 192 655 540 287 97
2 196 665 540 286 96
3 191 631 541 286 97
3 195 635 542 285 98
3 196 668 541 284 99
4 199 632 541 285 100
5 196 656 541 284 101
6 191 667 540 285 102
7 194 633 540 285 101
7 195 630 539 286 101
6 192 658 540 285 101
7 191 648 539 286 102
7 190 646 540 286 103
8 188 637 539 285 104
7 189 646 538 286 105
6 186 652 539 287 104
6 184 635 539 288 103
7 180 634 538 287 103
6 184 631 537 288 104
7 182 660 537 289 105
6 178 661 536 290 106
7 181 643 537 289 107
6 185 640 537 289 107
7 189 641 536 288 106
8 192 657 537 288 107
9 194 655 538 287 106
9 191 650 538 286 105
8 189 650 538 287 106
7 192 631 537 287 105
8 187 666 538 287 106
9 188 652 538 286 105
10 183 651 539 285 106
9 182 665 540 285 105
10 177 632 539 284 105
9 180 641 540 285 105
8 182 633 540 286 106
8 183 666 539 286 106
9 182 646 539 285 107
8 180 631 538 285 108
8 183 667 539 285 108
7 182 664 538 285 108
8 184 660 539 285 107
7 180 643 540 284 108
7 178 652 539 283 107
6 180 659 539 282 108
5 177 630 540 281 107
6 173 646 540 281 106
7 169 645 540 282 107
6 168 668 539 283 107
6 167 631 540 284 106
6 163 667 540 285 107
6 161 636 540 284 106
7 164 656 539 284 107
8 163 637 540 284 106
9 164 663 539 283 106
9 167 648 540 282 107
8 162 635 541 281 108
8 160 657 541 280 107
8 161 656 541 281 107
9 162 635 540 281 107
8 161 662 541 282 108
9 161 644 541 281 109
8 160 632 541 281 110
8 159 631 541 280 109
8 160 665 541 279 109
7 163 659 542 279 108
8 167 656 543 278 108
8 171 634 542 278 108
7 171 666 543 279 108
6 175 644 542 280 108
6 173 630 542 280 109
7 169 667 542 279 110
8 168 661 543 278 110
9 169 632 543 277 110
10 169 647 543 276 110
11 170 635 544 275 109
12 171 667 544 274 109
13 175 656 545 275 109
12 171 638 545 274 108
11 175 669 545 275 107
11 175 636 545 276 108
10 170 633 546 276 108
9 171 652 545 275 107
8 169 662 545 275 108
8 170 661 545 274 107
9 167 632 545 273 108
8 168 654 544 273 108
8 168 655 543 272 108
8 168 651 542 272 108
7 168 647 543 271 108
6 163 651 544 270 109
7 159 631 543 269 108
7 161 630 544 268 109
8 159 647 543 269 109
9 162 636 544 270 110
8 163 642 545 269 111
8 158 656 545 270 111
7 153 660 544 269 111
8 154 659 543 269 110
7 155 654 544 269 111
6 157 668 545 270 110
6 154 652 546 269 111
5 150 669 547 269 111
4 147 657 546 270 110
3 144 648 546 271 109
2 146 657 547 270 110
3 149 640 548 270 109
4 148 660 549 270 110
3 147 660 549 270 109
4 151 651 549 269 110
3 154 646 549 269 110
4 151 636 550 269 111
5 149 658 550 270 111
4 145 664 551 271 110
4 142 665 551 272 110
5 141 652 551 272 111
6 143 668 551 271 110
5 142 661 551 270 110
5 138 669 552 271 111
5 133 637 552 270 110
4 136 633 553 269 110
5 133 666 552 268 110
5 135 658 552 269 111
6 131 655 551 269 111
5 130 649 550 270 110
5 134 650 549 270 110
6 130 648 548 269 111
7 126 645 548 269 110
8 124 661 547 268 109
9 121 665 547 267 108
8 116 641 546 267 107
9 115 645 547 266 107
8 113 641 547 266 106
7 108 630 548 266 105
8 111 668 547 267 104
8 114 638 548 266 104
7 118 642 547 265 103
7 118 639 548 266 103
6 116 645 547 267 103
6 119 641 547 268 103
5 121 640 547 269 104
6 122 664 546 269 104
6 120 654 546 269 104
6 117 650 545 270 103
5 115 645 546 269 104
5 113 644 546 269 103
6 113 649 547 270 103
7 116 653 547 270 104
8 117 637 548 270 104
8 113 651 548 271 105
7 114 660 549 270 104
8 111 642 548 269 104
9 112 662 548 268 103
8 114 659 547 268 104
9 114 661 547 268 105
8 112 657 546 268 104
8 109 662 547 267 104
9 104 631 547 268 104
9 105 660 547 268 105
9 108 639 546 269 105
9 112 640 545 268 106
9 115 660 545 267 106
8 113 644 544 266 106
7 116 656 543 266 107
8 119 639 544 265 107
9 120 664 543 264 107
10 119 659 544 264 106
11 120 643 545 265 106
11 123 649 544 266 105
12 121 634 545 266 104
13 125 646 545 265 105
13 122 634 545 266 105
14 124 662 544 266 104
14 125 661 544 265 104
14 123 662 543 266 103
15 127 647 543 267 102
15 122 663 542 268 102
15 121 638 543 268 103
16 118 654 542 269 102
15 120 665 543 268 102
16 119 657 543 268 101
17 123 633 544 268 100
16 120 635 545 269 99
17 117 654 546 268 98
16 115 640 546 268 98
17 116 641 546 269 97
17 118 660 546 270 97
16 115 663 545 271 98
16 111 637 546 271 99
17 112 638 545 271 100
18 111 648 545 272 99
19 107 648 546 271 98
18 107 665 547 271 98
17 109 668 548 271 97
18 105 652 548 272 97
19 103 661 548 272 97
20 107 631 548 273 98
19 103 667 548 272 98
19 106 634 547 271 98
20 102 662 548 271 97
19 101 655 548 270 97
18 104 666 548 269 97
17 100 635 548 268 96
18 104 669 547 267 97
19 104 646 548 266 98
19 100 636 549 265 98
19 104 639 548 266 98
19 100 668 549 265 99
18 103 631 548 265 98
18 102 644 547 266 99
17 106 656 548 266 99
18 103 640 549 267 98
18 99 630 550 268 99
18 96 665 549 269 99
19 96 659 548 268 99
18 96 641 548 267 98
18 93 649 548 267 99
18 92 643 548 267 100
18 89 631 549 268 100
19 85 648 549 268 101
19 88 654 549 269 100
18 91 637 550 268 99
17 93 669 551 268 100
18 91 656 552 267 99
17 86 648 553 266 99
17 81 641 554 265 98
18 77 655 553 265 97
17 76 638 554 265 98
18 80 642 554 264 99
18 77 648 553 265 99
19 73 634 553 265 98
20 69 641 553 264 97
20 64 634 553 263 98
19 60 648 553 262 97
18 60 652 552 261 96
18 61 651 553 262 97
17 61 656 553 261 96
18 57 652 553 261 96
17 60 655 554 261 96
18 60 647 555 261 97
17 55 646 556 262 97
17 51 664 557 261 97
18 50 669 557 260 98
19 46 666 558 260 99
18 49 638 557 259 98
18 52 666 557 259 99
17 51 666 557 268 98
17 54 643 557 268 98
16 49 647 557 269 99
17 44 651 558 269 100
18 42 662 559 268 100
19 45 644 560 268 101
19 48 657 560 267 101
19 44 637 560 267 101
19 41 633 561 266 102
19 39 647 560 265 103
18 42 637 560 264 104
19 45 652 561 265 103
19 47 654 561 264 102
18 51 665 562 264 101
18 50 639 561 263 102
17 50 637 562 264 101
18 45 665 563 265 102
19 43 667 564 266 101
18 40 652 565 267 100
17 41 650 564 268 101
16 44 650 565 268 100
15 44 661 565 269 99
14 45 661 566 269 99
13 45 637 566 269 98
13 45 632 565 268 97
12 47 634 566 269 96
11 45 650 567 269 96
10 46 657 568 270 97
9 44 662 569 271 98
10 41 647 568 270 98
9 40 648 567 271 98
10 38 637 567 270 99
11 33 650 566 269 99
12 29 637 565 268 100
13 32 668 565 269 99
12 29 664 564 269 98
11 24 658 563 270 98
12 23 651 562 270 98
12 19 663 561 271 97
13 16 631 560 271 96
14 15 630 559 271 96
13 17 637 560 272 97
12 16 640 561 272 97
13 19 643 560 272 96
13 18 657 561 271 97
13 14 632 560 270 98
12 14 646 561 269 98
13 11 652 561 270 98
13 10 649 561 270 97
13 11 668 562 271 96
14 13 652 562 270 96
14 17 634 563 271 95
14 19 659 562 270 95
13 15 649 563 270 94
13 10 659 564 270 93
14 14 639 563 270 94
15 13 640 562 269 94
16 10 644 562 268 95
16 11 644 562 268 95
15 13 647 561 268 95
16 12 652 562 268 94
15 9 648 561 269 95
15 7 652 561 270 94
15 9 648 562 270 95
15 6 634 561 270 94
15 2 637 562 271 93
15 2 655 562 272 92
16 4 651 563 273 92
15 359 665 563 274 92
16 356 653 563 275 92
15 355 654 564 276 93
16 351 665 564 276 93
17 347 651 564 277 93
18 348 658 563 278 92
19 348 666 564 278 93
18 346 648 565 277 93
19 341 657 564 278 92
19 339 666 563 278 93
18 335 655 564 278 92
18 330 652 565 279 93
17 332 633 565 278 92
18 327 668 564 277 92
19 324 634 565 277 93
19 328 639 564 276 92
18 325 657 565 275 91
19 323 633 566 275 92
18 323 644 566 275 92
19 319 666 566 276 92
19 321 657 566 277 92
19 317 669 566 276 92
19 312 653 565 276 92
20 316 642 565 277 93
21 311 669 564 278 94
22 313 651 565 278 93
23 310 666 564 279 93
24 314 652 564 280 93
0 310 634 563 281 93
0 314 637 563 282 92
1 310 640 562 282 93
1 305 634 562 282 92
2 304 661 562 282 93
2 303 650 562 283 92
2 304 648 563 282 91
3 302 653 563 282 90
2 303 656 564 281 91
3 299 631 563 280 91
3 294 658 564 279 90
2 294 641 563 278 89
3 294 669 564 279 89
3 291 663 563 278 89
2 287 650 562 279 89
3 291 653 562 279 89
3 286 665 561 280 88
3 287 635 561 279 89
3 287 630 560 280 90
4 288 657 559 279 89
3 283 666 560 279 89
4 286 644 560 279 88
3 289 638 560 280 87
2 292 654 560 280 88
3 287 650 559 279 89
4 284 637 559 279 89
5 286 668 559 278 89
4 288 642 558 277 88
4 290 651 559 277 87
3 294 650 560 276 86
3 291 642 559 277 85
2 294 666 559 278 85
2 290 634 560 277 84
3 289 652 560 278 85
3 287 648 560 278 85
4 282 638 560 279 84
5 277 637 559 280 84
6 275 659 560 281 83
7 272 651 561 281 83
7 268 650 560 282 82
7 269 645 559 283 83
8 267 666 560 282 84
8 262 647 560 282 84
8 259 648 560 282 85
7 262 661 559 281 84
8 257 648 559 280 83
9 256 639 559 279 82
10 260 663 558 279 82
9 261 649 557 279 81
9 259 666 558 279 80
9 261 664 558 280 81
8 257 664 559 279 80
8 260 656 559 279 80
8 262 658 559 280 81
8 259 667 558 279 80
7 261 636 558 279 80
6 264 659 559 279 81
6 263 644 559 279 81
6 264 633 560 280 81
5 268 663 561 281 80
5 264 669 562 281 79
6 261 668 563 282 78
7 256 645 564 281 77
8 259 665 563 282 77
9 255 642 564 283 76
8 250 642 565 284 75
7 247 669 566 284 75
7 248 648 566 283 75
8 243 633 565 282 74
7 240 654 566 282 74
6 238 641 565 283 74
6 239 664 566 284 74
6 234 658 565 284 75
5 232 645 565 285 76
