5 8 664 599 299 101
6 8 666 600 298 100
5 10 657 599 298 100
6 11 655 599 299 99
6 8 632 599 299 98
6 11 637 598 298 98
5 9 646 598 299 97
4 13 635 597 299 98
5 15 647 598 299 99
5 17 653 597 299 98
6 16 668 598 299 99
5 16 656 598 299 99
5 20 653 597 300 100
5 23 659 597 300 100
4 23 658 596 299 100
4 24 639 596 298 100
5 21 655 596 298 99
4 16 656 595 299 100
3 14 631 596 299 99
2 12 636 596 299 99
2 10 632 595 300 98
1 12 648 594 299 97
0 16 630 594 299 98
1 12 635 594 300 97
2 12 668 594 299 97
3 13 642 595 300 96
4 17 637 594 300 96
3 13 644 593 300 97
4 14 665 593 301 98
4 10 647 592 300 97
4 14 650 592 299 96
3 15 647 591 298 97
2 14 645 592 299 98
2 14 639 592 299 97
1 13 645 591 300 98
0 14 633 590 301 97
1 15 643 590 302 98
0 13 648 589 303 97
1 10 641 590 303 97
0 12 645 590 302 96
0 7 638 589 303 97
1 9 640 589 304 96
2 12 644 590 305 96
3 16 661 591 306 95
2 13 636 590 306 96
3 10 654 589 306 96
3 10 659 589 306 96
4 6 656 588 307 95
5 2 653 587 308 96
6 6 637 588 308 95
5 10 647 587 309 95
6 5 633 586 310 94
7 8 650 586 310 93
8 8 634 585 310 92
7 3 643 585 310 92
7 4 655 585 310 92
8 6 632 586 309 91
7 4 657 586 308 92
8 8 652 587 307 91
8 8 640 588 307 90
8 4 667 589 307 89
8 4 636 590 308 89
7 3 641 589 308 88
7 2 645 589 307 88
7 358 644 590 307 88
6 2 645 591 307 87
7 1 633 592 306 86
7 2 633 591 306 85
8 5 668 592 306 84
7 4 648 593 307 83
6 6 632 592 306 82
5 4 667 591 306 81
4 8 654 592 305 81
3 12 651 593 306 82
3 15 635 594 306 82
2 11 656 595 306 81
2 10 650 595 307 82
2 11 646 595 308 81
3 10 664 594 307 80
3 8 667 595 306 80
4 12 661 595 307 80
4 11 652 595 308 81
5 11 655 595 307 81
5 8 630 595 306 81
4 11 642 595 306 82
3 15 664 594 306 82
4 18 660 594 307 81
4 21 646 593 307 80
4 20 645 593 308 79
5 16 641 592 308 79
4 14 652 591 309 78
5 11 643 592 308 79
4 6 668 591 308 80
3 3 639 590 308 80
2 0 660 589 309 79
2 0 662 590 309 79
1 355 645 591 308 80
0 353 653 592 307 79
0 351 630 592 306 79
1 354 657 593 305 80
1 350 635 593 306 79
0 354 645 594 305 78
0 352 644 593 305 79
0 353 644 593 305 80
1 355 657 594 304 81
2 354 632 595 305 81
1 352 642 596 306 80
0 355 635 595 306 80
0 353 661 596 305 80
1 357 660 596 306 80
1 1 665 597 305 81
1 358 641 597 305 81
2 359 647 597 306 81
3 359 660 596 305 82
2 354 640 595 304 83
1 355 665 595 305 84
1 350 657 596 304 85
2 349 644 596 303 84
3 350 634 596 302 84
3 353 664 596 303 84
3 351 637 595 303 84
4 349 642 596 303 85
5 346 659 596 302 84
4 350 653 596 302 84
5 347 650 596 303 85
4 345 631 597 304 85
3 346 635 598 303 86
2 344 634 599 303 85
1 339 664 599 302 85
1 337 637 598 301 86
2 338 658 598 301 87
1 333 657 597 302 88
2 334 632 597 302 89
3 334 664 596 301 90
3 329 667 596 300 91
2 326 655 596 301 92
1 325 638 595 300 93
1 323 645 596 300 93
2 321 634 597 300 94
2 323 669 596 300 95
1 318 631 596 299 96
2 321 638 597 300 96
1 319 654 597 300 95
1 318 635 596 300 94
0 314 635 596 299 95
0 314 669 597 299 94
1 309 657 596 300 93
0 312 636 596 301 94
1 310 661 597 301 93
1 311 637 597 300 93
0 309 651 597 299 94
1 305 661 596 298 93
2 305 639 597 298 94
3 309 652 596 297 94
4 308 651 596 296 93
4 309 663 595 297 92
3 309 663 596 297 91
3 309 644 597 296 90
4 304 647 598 296 91
4 305 665 598 295 92
3 307 669 599 296 91
3 310 638 600 297 91
3 313 631 600 298 90
2 312 663 599 298 91
2 315 643 598 297 91
3 311 663 598 296 90
2 311 662 599 296 91
2 314 654 599 296 90
3 312 637 599 296 89
2 316 636 598 295 89
1 312 658 598 294 88
0 310 662 597 294 89
1 311 631 598 294 88
0 314 646 598 294 89
1 318 648 597 293 90
0 321 655 598 293 90
1 321 650 598 294 90
1 321 655 598 295 89
1 324 641 598 295 89
2 323 646 598 296 88
3 320 647 598 295 89
3 321 659 597 296 89
4 321 649 598 296 90
4 321 654 599 295 90
3 321 659 600 296 89
4 320 656 601 295 89
4 315 643 600 295 89
4 316 663 599 294 90
3 311 658 599 293 89
3 312 655 600 293 89
2 314 630 599 294 88
3 313 659 600 293 89
2 312 645 601 292 88
1 315 641 601 292 89
0 319 636 600 291 89
0 323 668 600 292 89
1 325 645 600 293 90
1 321 643 599 294 90
0 323 646 599 294 91
1 324 664 600 294 91
1 326 630 601 294 91
1 328 660 602 294 91
0 328 666 602 295 90
1 330 646 602 296 91
0 327 645 602 296 92
1 326 643 601 297 92
0 323 653 602 297 93
1 320 663 601 298 92
0 316 642 600 299 91
0 319 650 600 300 90
1 321 650 599 301 89
0 319 663 598 301 89
0 317 640 599 301 89
1 321 662 598 300 89
1 323 642 597 299 89
2 327 657 596 299 88
2 326 641 596 299 87
3 330 644 595 300 88
2 326 667 595 301 89
2 325 663 595 301 90
2 325 643 596 300 90
1 321 638 596 301 90
1 320 634 596 301 90
2 324 648 597 300 89
2 325 655 597 301 88
1 322 637 598 300 87
0 323 649 599 299 86
1 324 633 598 299 85
1 326 644 599 298 86
1 325 637 600 299 86
2 329 650 599 299 87
1 326 637 599 299 86
1 330 657 598 298 87
1 332 645 599 299 88
1 336 642 599 299 87
0 338 645 600 299 88
1 338 633 600 299 87
1 341 668 600 300 86
1 336 663 600 299 85
1 335 634 600 299 85
0 336 669 599 298 84
0 340 654 600 297 84
0 335 635 600 298 84
1 337 631 601 297 85
1 335 655 602 297 85
2 339 662 602 298 84
1 334 664 602 298 84
0 335 664 602 297 84
1 332 633 602 297 84
1 328 658 602 296 85
1 330 659 602 296 86
1 327 630 603 295 87
0 326 666 604 295 86
1 330 666 603 295 85
2 333 658 602 294 84
3 333 641 601 295 85
2 336 658 602 295 84
2 331 634 601 296 84
2 332 654 601 295 83
2 327 668 602 294 83
1 325 666 601 293 84
2 325 644 601 293 85
1 324 633 600 292 84
0 320 630 599 291 85
1 318 638 599 292 85
1 317 663 598 292 85
1 319 666 598 291 86
0 320 660 599 292 86
1 318 659 600 293 87
1 320 668 599 294 86
2 317 645 600 293 87
2 319 640 600 292 88
1 318 666 601 293 89
0 317 643 601 292 90
0 317 660 601 293 91
1 319 662 601 293 92
2 323 667 602 293 91
2 326 667 602 294 91
3 324 666 603 293 90
3 326 666 603 293 89
2 322 635 603 292 89
3 320 632 603 292 90
4 320 635 602 293 91
4 316 668 602 293 91
3 320 664 602 294 91
4 324 660 603 293 91
4 320 630 604 292 90
5 316 668 605 291 90
4 315 664 604 290 90
4 318 640 605 289 91
5 317 651 604 290 91
6 312 663 603 290 90
7 312 654 602 291 89
7 312 632 602 292 88
8 309 669 603 293 88
9 310 649 603 293 88
9 311 645 603 294 87
10 313 666 603 293 87
10 315 642 602 293 87
11 313 649 603 293 87
10 309 636 603 292 88
9 310 640 604 293 87
9 314 631 605 292 88
8 314 665 605 292 87
7 310 649 604 292 86
7 311 666 604 291 86
8 307 661 605 290 85
7 309 644 604 289 85
8 305 662 604 289 86
8 302 661 603 289 85
7 304 656 603 288 84
7 308 655 602 288 85
6 309 664 601 288 84
6 309 656 602 287 84
5 308 651 603 287 83
4 309 649 602 288 84
4 308 635 603 288 83
3 306 667 602 287 84
4 301 630 602 288 84
3 304 651 602 287 84
2 304 640 601 288 84
3 304 631 600 289 85
2 300 656 599 288 84
2 297 657 599 289 84
3 296 656 598 288 84
3 296 665 598 287 84
4 297 669 597 288 85
5 298 639 597 288 85
6 294 647 598 288 86
6 289 655 598 287 86
5 290 666 597 286 85
4 289 654 596 287 84
4 290 658 596 287 83
3 287 665 595 287 84
4 291 669 594 286 84
3 294 662 595 286 84
2 291 666 594 285 85
1 294 666 595 286 85
1 298 639 595 285 84
0 294 641 594 286 85
1 290 663 593 286 86
2 294 661 593 285 86
1 293 642 593 284 86
0 294 663 594 283 87
1 298 638 594 283 88
1 299 665 593 283 89
0 296 635 593 284 88
1 293 645 593 284 89
2 291 653 594 284 89
2 290 638 594 284 90
2 287 666 595 285 90
3 282 661 596 284 91
3 277 642 595 284 91
4 272 663 596 285 92
4 276 654 595 284 93
5 274 634 594 285 94
4 277 648 594 285 95
5 273 647 595 286 95
6 275 642 595 285 95
6 278 649 594 285 96
7 279 635 594 286 96
8 282 636 594 287 95
8 281 659 593 288 95
7 276 650 594 289 95
6 275 631 594 288 95
5 274 639 595 287 95
5 276 647 596 288 95
6 272 661 597 289 94
7 276 669 597 288 94
8 275 650 598 287 94
8 279 656 598 287 94
9 276 646 598 287 95
8 277 655 597 287 96
8 281 650 598 286 95
7 281 648 599 285 95
8 277 634 598 286 95
8 274 655 597 287 95
8 272 667 596 286 95
8 273 668 595 285 95
7 268 632 595 286 95
6 271 637 596 285 94
7 271 655 597 285 95
7 266 658 597 286 96
6 261 666 596 285 96
5 256 654 597 285 96
4 259 656 597 284 96
3 257 667 596 284 97
4 254 634 596 284 96
3 256 630 597 283 95
2 254 666 597 284 96
1 256 658 597 285 95
2 259 646 596 284 94
3 255 664 595 285 93
2 250 651 595 286 92
3 252 659 594 287 92
2 247 669 593 288 92
2 250 650 593 288 92
2 245 651 592 287 92
3 240 654 592 287 92
3 242 663 591 287 93
3 240 642 590 288 93
4 238 652 591 287 92
3 240 634 591 286 92
3 244 658 590 285 91
2 241 668 591 286 90
2 245 636 591 287 89
1 245 651 591 288 88
2 247 648 592 288 89
2 247 650 591 288 88
1 246 663 591 287 88
2 246 645 591 287 88
1 241 659 590 288 88
1 241 650 589 289 87
0 244 630 588 288 88
1 248 638 588 287 87
2 250 658 589 288 88
3 249 645 590 287 87
4 250 651 591 286 88
3 251 665 592 286 87
2 251 641 593 287 87
1 252 643 594 288 87
0 256 650 595 287 86
1 252 662 594 287 85
2 252 646 595 287 86
2 254 632 595 288 86
2 256 667 596 289 87
2 251 668 595 288 87
2 247 639 596 287 88
1 243 659 597 287 87
1 247 659 598 287 88
1 247 664 598 288 87
2 246 661 597 288 88
3 243 650 596 289 88
4 246 663 596 288 88
4 241 644 596 287 88
5 243 660 595 287 88
4 241 663 596 287 88
3 239 650 596 288 88
4 234 665 595 287 87
4 235 642 595 288 87
4 232 639 595 288 88
3 231 651 594 288 87
2 226 661 595 288 88
1 222 668 595 287 88
2 222 638 596 287 87
1 223 633 597 287 87
1 219 663 597 286 87
0 222 653 596 285 87
1 223 637 595 285 88
0 220 646 595 285 89
1 223 647 594 284 88
2 227 632 595 285 88
1 222 669 596 286 88
1 223 640 597 286 88
0 220 655 596 286 88
1 223 633 595 287 87
2 220 642 594 288 87
2 219 667 593 287 86
3 221 645 594 286 86
2 219 640 595 285 87
2 222 642 594 284 86
1 219 649 593 285 85
2 221 647 593 284 85
2 221 646 592 284 84
3 222 651 592 284 84
2 219 644 591 285 83
3 214 646 590 284 83
3 210 654 589 284 83
3 211 633 589 283 84
3 210 646 590 283 83
2 206 652 590 283 83
1 208 654 590 283 82
0 207 654 589 284 82
0 208 632 588 284 82
1 205 638 588 284 83
1 208 653 587 284 83
2 203 648 586 284 82
3 198 649 587 284 81
2 202 644 586 284 80
3 204 643 587 285 81
2 200 648 586 284 81
3 198 651 587 283 82
2 193 669 586 284 82
2 189 637 586 284 82
1 190 638 585 283 82
1 187 666 584 282 82
2 184 652 585 281 81
1 181 647 586 280 82
2 176 630 587 279 81
3 172 637 586 279 81
3 169 646 585 280 82
4 171 664 584 281 83
4 170 639 585 282 83
4 172 644 586 283 83
3 175 634 585 283 84
3 177 666 586 282 85
2 178 647 586 283 84
1 179 641 587 284 83
0 181 632 588 283 82
1 181 655 588 284 83
1 183 665 588 285 83
0 180 664 587 286 83
0 176 635 586 286 82
1 174 630 586 286 83
0 170 655 586 285 82
0 171 655 587 284 81
1 167 631 586 283 80
2 166 669 587 282 79
2 162 649 587 283 78
2 158 647 586 284 78
1 161 660 586 284 78
0 159 637 586 285 78
1 162 645 586 286 77
0 165 633 585 286 77
0 169 659 584 287 77
1 170 666 584 288 76
2 172 637 584 288 77
1 167 642 585 289 78
2 166 637 585 290 77
3 168 656 586 291 76
3 167 653 586 292 75
4 171 657 586 292 76
5 167 663 586 293 75
5 170 655 587 294 75
5 170 650 587 293 75
6 172 644 588 294 76
5 170 640 589 295 75
6 174 633 588 295 76
5 176 669 587 294 75
4 171 631 586 295 76
3 174 650 585 295 77
3 171 632 586 295 77
2 170 638 585 294 78
2 165 638 584 293 79
2 161 653 583 292 79
2 165 641 584 292 79
1 166 659 584 292 79
2 162 655 585 292 80
2 157 664 586 292 81
1 153 644 585 291 82
0 151 639 585 292 82
1 146 633 584 292 82
0 143 649 585 292 83
0 143 642 585 292 83
1 139 651 586 293 83
2 136 648 586 292 83
3 133 633 585 291 82
3 137 669 584 290 83
4 135 666 585 291 83
4 132 655 585 292 83
5 128 665 586 291 82
6 129 668 587 290 81
5 129 669 587 290 82
4 129 653 587 289 81
3 126 640 588 288 82
3 123 630 588 288 83
2 120 660 588 288 83
1 124 665 588 287 82
2 124 643 589 287 82
2 124 643 589 286 83
1 119 661 590 286 84
1 117 647 590 286 85
0 120 652 589 286 85
0 116 647 590 287 85
1 116 666 591 288 85
2 111 641 591 289 85
2 108 644 591 290 86
2 107 639 591 289 87
2 104 656 590 288 88
2 104 647 590 289 89
1 101 642 591 289 88
2 100 634 590 288 87
2 99 652 590 289 88
2 97 633 589 288 88
1 94 642 588 287 87
1 95 649 587 288 88
2 91 636 587 289 89
3 91 648 588 289 88
4 94 631 588 289 88
4 89 632 589 288 87
3 87 669 590 287 87
3 85 649 591 287 86
2 86 659 592 288 87
2 89 644 592 288 86
1 92 648 592 289 85
2 91 642 593 289 84
1 88 657 594 288 85
2 86 660 595 287 85
2 83 667 594 288 86
2 83 636 593 289 87
2 81 634 592 288 87
3 84 640 592 288 86
3 83 655 592 289 87
2 82 639 591 289 87
1 83 646 592 288 87
1 87 645 593 289 86
2 88 668 592 288 87
1 85 666 591 288 88
1 82 664 591 289 89
0 77 656 590 290 90
0 75 664 589 291 90
1 76 641 589 290 91
0 77 651 589 291 92
1 74 663 590 292 92
2 78 630 589 293 91
2 78 654 588 294 92
2 78 632 588 293 93
1 80 636 588 292 93
0 80 640 588 293 93
0 75 657 589 294 94
1 75 646 589 294 93
2 74 666 589 294 92
2 77 662 588 293 91
2 81 664 589 294 90
2 78 640 588 295 91
1 78 663 589 294 90
0 75 652 588 293 91
1 76 665 587 293 92
1 76 643 586 293 92
2 75 632 586 292 91
3 73 641 587 293 91
2 72 643 586 292 90
3 72 662 586 292 90
2 68 649 586 292 90
1 68 651 585 293 90
1 70 649 584 293 91
2 70 641 584 294 91
3 68 659 585 293 92
3 65 645 584 293 91
2 64 648 583 292 92
2 63 631 582 292 92
1 63 660 583 292 93
1 66 641 583 293 94
0 63 644 583 294 94
1 63 645 582 293 95
0 67 667 581 292 96
1 71 655 582 291 97
2 71 656 582 290 97
3 66 641 583 291 98
2 69 650 582 290 99
3 67 645 583 290 100
4 62 644 583 290 100
3 59 668 584 289 100
2 60 643 585 290 99
2 55 637 586 290 99
3 52 652 586 291 99
2 54 657 586 292 98
1 52 668 585 291 98
0 52 651 585 291 98
1 53 656 584 292 99
2 51 668 583 293 99
3 47 636 583 294 99
2 48 644 582 294 99
2 45 664 582 295 99
2 48 661 581 294 98
3 45 652 581 295 99
3 44 633 582 295 98
4 46 636 583 294 98
3 46 635 583 294 99
4 44 655 584 293 99
3 40 651 583 293 98
4 44 658 584 293 98
3 40 650 584 292 99
2 44 643 585 293 99
1 47 653 584 292 98
1 47 657 583 292 97
2 47 662 584 291 97
2 43 663 583 292 97
3 43 662 583 291 97
3 47 655 583 292 96
4 42 654 582 291 97
4 41 659 583 291 97
4 37 668 582 290 96
3 37 655 583 289 97
2 32 635 583 290 97
2 35 652 584 290 97
2 36 650 583 291 98
2 37 630 584 292 98
2 34 655 583 292 97
3 37 653 584 293 98
2 36 644 583 293 99
2 32 665 584 293 99
1 28 646 585 292 99
2 27 631 586 291 98
2 30 630 586 291 97
3 28 665 586 292 97
4 30 657 585 293 96
4 33 635 586 293 97
3 32 650 587 293 97
3 32 664 586 294 98
2 34 646 585 295 98
3 31 659 585 295 98
2 31 663 585 294 98
3 30 650 584 294 99
3 34 642 583 295 99
4 30 630 584 295 100
3 32 651 584 295 101
3 34 638 583 294 102
4 29 632 582 295 102
3 26 633 581 295 103
2 24 643 580 295 104
2 25 651 581 296 105
2 27 664 582 297 106
2 30 655 582 297 105
1 33 630 583 296 106
1 35 660 583 296 107
1 31 642 582 297 108
1 35 643 583 297 108
0 33 662 582 298 108
1 37 668 583 297 108
1 32 664 582 298 109
1 32 649 583 298 110
1 31 655 583 299 111
1 29 651 582 300 111
0 24 656 583 300 110
1 21 657 583 300 110
2 24 630 583 301 110
2 20 656 582 301 111
3 15 640 582 300 111
3 18 669 582 301 110
4 17 636 582 301 111
5 14 653 581 302 112
6 17 633 581 303 111
5 21 646 580 303 111
4 23 666 580 302 111
5 20 655 579 301 111
4 16 661 579 302 111
4 18 659 579 302 110
4 19 667 579 303 109
5 23 644 578 304 110
5 25 666 577 303 109
5 22 667 576 302 109
4 23 646 576 301 110
5 19 652 577 300 109
5 22 669 578 300 109
4 23 639 577 299 109
5 26 665 578 298 110
6 27 657 578 297 111
5 24 632 578 296 110
5 21 665 578 297 111
5 22 655 579 298 111
4 22 656 578 297 110
4 21 646 577 296 110
5 21 664 576 297 110
5 24 636 577 296 109
6 27 630 576 297 110
6 31 650 575 298 111
6 31 667 574 298 111
6 31 645 574 298 112
5 28 660 573 299 112
6 26 636 573 298 112
7 24 666 572 299 112
6 21 633 571 298 111
7 19 668 571 299 111
8 23 668 572 299 111
8 18 656 571 300 110
8 17 667 571 301 110
8 16 650 572 301 111
9 19 653 572 301 111
8 20 636 571 302 112
7 19 669 572 301 113
8 18 660 571 301 114
7 17 668 571 300 113
8 19 668 572 301 112
8 23 655 572 302 113
9 27 667 573 303 112
10 24 663 572 302 113
11 26 649 572 302 112
10 24 663 573 303 112
9 19 648 574 303 111
10 18 656 574 302 110
11 17 639 575 302 109
12 18 655 576 302 108
12 14 649 577 301 108
12 14 640 578 302 108
13 17 658 578 302 108
13 17 667 578 302 108
12 14 650 577 303 107
12 14 644 578 303 107
13 10 643 577 304 108
12 10 641 577 305 109
12 7 645 577 306 109
12 2 668 576 307 110
12 3 650 575 306 111
11 1 656 576 305 110
10 356 667 575 305 110
11 354 663 576 304 110
12 357 649 575 305 111
13 357 641 575 306 111
13 0 633 574 306 110
13 2 633 575 305 109
14 6 632 574 304 108
15 7 650 574 303 108
14 4 669 575 303 109
14 6 638 575 303 109
14 5 644 574 304 110
14 6 662 573 305 109
15 6 646 573 305 109
14 8 637 573 306 110
15 9 631 572 307 111
16 10 647 571 306 112
15 10 656 570 306 113
15 9 663 571 306 114
16 6 644 572 306 113
17 6 653 572 307 112
16 7 638 572 308 113
16 7 646 572 307 113
16 11 632 573 306 112
15 9 637 574 306 113
16 11 663 574 307 113
15 9 630 574 306 113
14 8 650 575 307 113
15 10 635 576 307 112
14 14 659 575 308 112
13 10 648 575 309 112
13 14 653 574 308 113
12 17 641 573 308 112
12 18 668 573 309 112
13 15 666 573 310 113
14 14 666 573 311 114
14 12 662 574 311 115
13 14 645 574 311 114
14 18 641 573 312 115
14 17 655 573 313 114
13 17 640 573 314 115
13 18 662 574 314 116
14 20 640 575 314 116
15 18 635 574 315 115
14 18 660 575 315 116
14 22 631 574 315 117
14 23 663 575 314 117
14 18 631 575 315 116
13 16 633 575 314 116
12 11 641 576 313 116
11 11 662 576 312 116
10 10 648 577 312 115
10 9 665 578 312 114
11 8 633 578 311 113
11 6 656 577 310 112
12 6 632 578 310 111
11 4 640 579 311 110
11 0 638 580 310 109
11 0 649 581 309 109
10 355 649 582 308 108
9 350 660 581 309 107
8 350 654 580 308 108
8 349 664 581 307 108
7 351 651 580 306 108
8 347 644 579 305 107
8 350 653 579 306 107
9 354 630 580 307 107
9 349 633 581 306 108
8 353 641 582 307 108
9 352 647 583 306 108
10 351 661 584 305 107
10 352 641 583 304 107
9 354 657 583 303 108
9 356 641 582 303 109
8 358 659 582 303 108
8 354 657 583 302 107
9 349 631 584 302 106
10 350 637 584 302 106
9 349 637 585 302 105
9 351 651 584 301 104
9 346 645 584 302 103
10 350 635 584 301 104
10 354 645 583 300 103
10 354 643 582 301 104
9 349 643 582 301 105
8 350 650 581 301 106
7 351 654 582 300 105
7 353 668 583 300 106
8 348 654 583 299 107
8 350 653 583 299 107
8 351 635 582 299 107
9 350 631 582 300 107
10 347 666 583 299 108
9 347 663 584 298 107
8 342 644 584 298 107
8 338 660 583 297 106
7 341 665 583 298 105
7 344 664 583 298 106
7 340 657 583 298 105
7 336 656 584 299 106
7 332 635 584 300 107
7 328 654 584 300 107
6 330 653 583 300 108
6 327 646 584 299 107
7 325 651 583 300 107
6 324 653 583 300 108
5 328 653 584 299 108
4 330 646 583 298 107
5 327 633 582 299 108
4 329 648 582 300 108
4 333 656 583 301 109
4 334 666 584 302 109
4 334 667 585 303 110
5 334 663 586 303 109
4 330 637 587 302 110
5 331 661 586 303 111
4 326 651 586 303 111
5 324 631 586 303 110
6 319 632 586 302 110
7 321 643 586 301 111
7 318 638 587 301 112
6 320 662 588 301 112
7 320 630 588 301 111
6 321 652 587 301 112
6 324 655 586 300 111
6 326 652 587 300 112
7 324 636 587 300 112
6 322 641 587 301 113
6 318 664 588 301 112
6 314 652 589 300 111
6 311 653 589 299 112
5 309 669 589 298 112
5 305 650 588 298 111
6 303 657 588 299 111
7 301 666 587 300 112
8 305 646 588 301 113
9 304 656 588 301 113
10 300 659 588 302 112
10 297 656 588 301 112
10 297 659 589 300 112
10 300 665 589 301 112
9 299 648 590 302 113
8 300 638 591 302 114
8 297 644 591 303 114
8 300 644 590 302 114
8 300 635 589 303 114
8 303 645 588 303 113
7 307 646 587 303 114
6 307 634 587 304 115
6 308 641 587 305 115
5 311 639 587 306 114
5 310 669 588 306 114
5 311 647 588 307 113
5 307 648 589 306 114
5 304 632 590 307 115
6 299 632 589 307 116
5 299 650 589 307 115
5 300 647 590 307 115
6 301 665 590 307 116
7 302 665 590 306 117
7 300 650 589 306 117
7 303 665 590 305 116
6 307 657 591 304 116
5 310 642 591 304 117
4 306 639 591 305 117
3 308 666 590 306 118
3 303 650 590 306 117
3 298 650 589 305 118
2 299 631 590 305 119
1 303 641 590 304 119
2 301 651 591 303 120
1 296 662 591 302 120
1 291 631 592 303 120
2 294 669 593 304 120
1 290 665 594 305 119
2 292 658 593 304 118
3 295 654 592 303 119
3 295 641 591 302 118
4 298 669 590 301 118
3 298 638 589 302 117
4 300 646 590 301 117
3 304 641 591 301 116
3 300 649 590 302 116
3 302 634 591 301 116
4 306 668 590 301 117
4 301 666 589 302 118
4 298 643 590 301 118
5 294 651 590 302 118
4 293 667 591 303 117
4 289 647 590 304 118
3 292 665 590 304 117
3 295 635 589 305 117
3 291 653 589 306 116
3 292 647 589 305 115
3 288 660 588 305 115
3 287 646 589 304 115
3 290 667 590 303 116
3 287 656 590 303 117
2 291 631 591 302 117
1 287 664 591 301 118
2 282 648 590 301 118
2 278 640 590 301 119
3 280 646 590 300 119
4 284 633 591 301 119
5 284 643 590 300 120
4 283 631 589 300 121
3 280 655 589 299 121
2 280 634 588 298 122
1 282 659 588 299 123
2 279 656 589 300 122
1 282 652 590 301 121
1 284 638 589 301 122
2 279 657 590 301 123
1 277 637 591 301 122
2 277 656 591 300 122
3 275 666 590 301 121
4 274 650 591 300 120
3 275 663 591 300 119
3 274 638 592 300 120
3 273 637 592 301 121
4 268 658 591 300 122
4 267 659 590 300 122
3 263 662 589 299 122
4 259 657 589 299 121
3 257 635 590 299 122
3 252 638 589 298 123
2 247 656 588 299 122
3 245 641 589 299 121
3 244 669 590 299 120
4 244 636 591 299 119
3 248 632 592 300 120
2 250 666 592 300 119
1 250 636 592 299 118
1 253 641 591 298 117
0 250 665 590 298 118
1 245 651 590 299 117
1 242 637 591 298 116
0 238 663 592 299 116
0 238 642 591 299 117
1 242 669 591 300 118
1 246 633 591 299 118
0 246 647 591 298 119
1 248 660 590 299 120
0 247 644 590 299 119
0 247 642 591 299 120
1 249 647 592 299 120
1 249 659 591 298 119
0 244 669 592 297 119
1 242 650 591 297 119
0 242 652 591 296 120
1 238 657 592 295 121
1 237 631 593 294 120
2 233 648 593 293 120
3 232 654 594 292 120
3 235 663 594 292 119
3 235 666 595 292 120
4 234 651 596 291 120
4 231 663 596 292 120
4 229 661 596 292 119
5 227 667 596 291 120
4 230 644 595 291 121
5 225 652 596 291 120
5 223 669 597 290 121
4 225 655 596 291 120
3 228 657 596 290 120
2 232 635 597 290 120
2 234 668 596 290 120
2 231 644 596 290 119
1 234 630 595 290 118
2 229 635 595 291 117
1 224 641 594 290 118
0 220 660 594 291 118
1 220 666 594 290 118
0 221 640 593 291 117
1 222 645 593 290 118
0 224 634 594 290 118
1 221 641 595 289 118
1 216 638 596 288 119
2 217 658 595 288 119
2 215 667 594 288 118
2 217 652 593 287 119
1 215 658 592 286 120
2 213 652 593 285 121
3 208 663 594 285 120
4 205 659 593 286 120
4 200 645 594 287 119
3 199 644 593 288 119
4 203 638 594 288 118
3 199 660 595 287 118
2 198 648 595 288 118
2 201 641 596 287 117
3 204 645 596 287 118
3 208 642 597 287 118
4 207 665 597 286 117
5 204 654 596 286 118
5 208 639 597 287 117
6 205 656 598 286 118
6 200 645 597 286 117
6 204 655 598 287 117
7 203 668 598 288 117
6 201 652 599 288 118
6 205 653 600 288 117
7 204 652 599 289 116
7 204 638 600 290 116
7 200 653 600 290 115
6 195 667 600 289 115
6 198 645 600 289 115
7 193 639 601 288 115
8 191 638 602 287 116
9 191 658 601 288 115
9 193 637 602 287 114
9 197 661 603 287 113
8 199 633 602 286 113
8 200 633 603 287 112
8 204 664 602 288 113
7 208 647 603 289 114
8 203 637 603 290 113
9 200 657 603 289 112
10 200 653 603 289 112
11 203 646 603 290 113
11 207 665 604 290 112
11 210 635 603 291 112
12 208 669 603 292 113
11 205 669 602 291 114
11 203 638 602 291 115
12 198 668 602 292 116
13 195 659 603 292 117
12 196 634 602 293 117
11 192 666 602 293 116
11 191 649 603 292 115
11 190 643 603 293 116
12 194 667 602 294 116
13 191 641 603 293 117
12 187 636 604 292 116
12 187 643 603 292 115
12 184 659 604 293 114
11 182 666 604 292 114
10 177 646 604 292 113
10 175 645 603 293 112
11 176 659 604 292 112
12 174 665 604 293 113
12 175 643 604 293 112
12 177 652 603 294 113
13 174 641 604 294 112
13 170 631 605 293 112
14 166 634 605 294 112
15 161 659 606 294 111
14 165 637 606 294 111
13 163 652 607 293 112
12 165 642 608 292 111
11 160 650 607 292 112
11 160 640 608 292 111
11 159 647 608 291 112
11 163 631 608 292 112
12 166 634 608 293 112
13 161 661 607 294 113
14 165 657 607 294 112
13 165 635 607 294 112
12 168 660 608 295 111
11 166 648 609 295 112
10 161 638 610 294 113
10 160 646 611 294 114
10 158 654 612 293 115
9 153 650 612 293 114
10 154 635 611 293 113
9 150 656 611 292 114
8 150 654 612 292 114
8 154 666 611 293 114
8 158 666 610 294 114
7 156 666 611 295 113
6 159 646 610 295 112
5 162 630 610 296 112
6 162 666 609 295 111
7 161 665 608 294 110
8 156 663 607 294 110
7 157 665 606 293 111
7 159 640 606 292 111
7 154 659 605 293 111
6 158 655 606 292 111
6 154 667 606 292 112
7 157 634 605 291 112
6 157 665 606 292 112
6 154 652 606 292 113
6 154 646 606 292 112
6 158 639 606 293 112
7 162 644 605 292 113
6 164 646 604 291 112
5 161 659 605 292 111
6 164 665 606 292 112
5 163 640 605 291 111
5 159 657 606 290 112
4 161 657 606 289 112
3 162 651 607 289 113
4 157 669 608 289 112
3 160 634 609 289 113
2 156 663 608 290 112
2 159 660 609 291 113
3 159 641 608 290 113
3 161 646 609 290 114
2 157 646 610 289 114
1 157 635 609 288 113
0 154 664 608 288 112
1 149 639 608 289 111
2 146 656 608 288 110
3 146 665 607 287 109
3 147 645 608 288 108
2 145 647 608 288 108
2 145 668 609 289 108
3 148 659 608 289 107
3 143 646 607 289 108
2 141 659 606 288 108
1 136 664 606 288 109
0 137 646 607 289 108
0 132 668 607 290 108
1 127 633 607 290 109
1 123 630 607 290 108
2 125 657 606 290 108
3 121 658 605 291 108
4 122 659 604 292 109
4 120 641 604 293 110
3 118 639 604 293 111
4 120 634 604 292 111
5 124 643 603 293 111
4 128 654 602 292 112
3 125 643 603 291 112
3 129 668 603 291 112
4 131 669 602 292 113
5 127 652 603 292 114
5 123 635 604 292 114
4 126 639 603 292 115
5 121 633 602 293 115
6 117 660 603 292 115
5 114 654 603 293 114
6 118 662 604 294 114
6 115 639 604 294 113
7 115 650 604 293 114
8 116 631 603 292 114
8 113 653 603 292 115
7 115 650 602 291 115
8 112 658 601 292 115
7 109 648 602 292 114
8 110 634 603 292 113
9 107 646 603 291 113
10 108 645 604 291 113
10 103 632 604 292 113
9 106 637 605 291 114
9 108 651 606 290 113
8 112 650 607 290 112
8 108 646 607 290 113
9 107 633 608 289 114
9 106 664 608 289 114
9 107 638 608 288 114
10 111 636 608 287 115
10 106 665 607 288 116
10 104 657 607 289 116
10 100 637 607 288 115
10 103 669 607 288 114
9 102 668 608 287 113
8 97 657 609 288 112
8 99 631 609 287 111
7 101 664 610 287 112
7 103 635 611 286 113
6 101 641 610 286 112
5 98 645 610 287 111
6 93 668 610 286 110
6 97 630 611 286 111
7 94 648 612 287 111
6 89 658 613 288 111
6 93 651 612 287 112
7 89 635 612 287 112
8 91 658 613 288 111
9 94 667 614 287 111
9 96 655 614 286 111
10 99 631 615 285 111
11 103 634 616 286 111
11 98 640 616 285 111
11 100 640 615 285 112
10 98 635 614 285 111
9 100 640 613 284 112
8 100 665 612 283 113
9 98 637 613 284 114
10 97 657 614 284 115
9 98 669 614 285 115
10 98 642 613 285 115
9 97 663 614 286 115
10 100 637 613 285 115
9 103 650 613 284 114
9 100 656 614 283 113
9 100 658 614 284 113
10 104 638 613 283 113
11 104 661 612 284 114
11 103 666 612 284 115
11 102 643 612 283 116
11 106 643 611 282 115
11 108 645 610 283 115
11 109 650 610 284 114
12 105 644 609 284 114
12 109 647 608 285 114
13 109 665 608 286 114
14 110 650 608 287 114
14 112 636 609 287 114
13 109 653 608 286 115
13 108 646 607 286 115
13 112 663 607 286 114
14 109 649 606 287 113
15 113 645 607 286 112
16 109 662 608 285 112
15 113 634 609 286 111
14 113 630 608 287 111
13 117 630 607 288 111
12 119 642 608 287 110
12 114 651 607 287 111
13 111 661 606 286 112
14 110 635 606 285 113
13 107 642 605 285 112
12 105 661 606 286 112
11 109 639 605 285 113
11 107 647 606 284 113
11 111 664 607 285 112
12 109 662 608 285 111
11 110 648 607 285 111
10 106 641 606 285 110
9 101 642 607 284 111
9 100 636 608 285 111
8 102 661 608 285 110
8 106 649 607 286 109
8 105 653 606 286 110
7 103 633 607 286 111
6 102 638 606 285 110
6 97 641 607 284 109
5 92 659 608 285 110
5 89 648 609 284 110
6 86 668 609 283 110
6 83 637 609 284 110
5 80 662 610 283 109
4 79 655 610 283 110
5 74 636 610 282 109
5 73 636 611 283 110
4 74 659 611 283 110
4 77 652 612 283 109
4 81 635 611 282 108
5 77 638 612 281 107
6 72 656 611 281 108
6 71 640 610 280 107
6 69 632 611 280 108
7 71 637 610 281 107
6 67 663 610 280 107
5 69 647 611 279 108
5 73 654 610 279 107
4 77 661 611 279 107
3 79 666 610 279 108
4 82 663 610 278 108
5 78 656 610 279 107
5 73 644 611 278 108
4 75 630 610 277 108
4 74 653 611 277 109
5 77 668 611 277 110
6 81 659 610 276 109
7 85 633 611 275 110
6 89 652 612 275 109
5 87 634 611 275 109
5 83 660 610 276 108
4 79 652 610 275 108
5 78 654 610 276 109
4 80 658 610 276 108
5 77 634 609 277 107
5 76 666 609 278 108
6 73 665 609 278 109
7 70 665 609 279 108
8 66 653 608 280 109
9 68 663 607 280 110
8 72 668 606 280 109
7 69 653 605 280 110
7 70 660 604 280 109
7 65 650 603 280 109
6 69 656 604 281 110
6 64 669 605 281 110
6 62 649 606 282 109
5 59 669 605 283 109
6 56 641 604 284 110
5 51 651 603 283 109
6 53 657 604 283 110
7 54 640 605 282 111
7 53 643 605 283 110
6 55 643 605 284 110
6 58 657 604 283 109
7 55 666 603 283 108
6 55 645 604 284 109
5 58 642 603 285 110
5 61 635 602 284 111
5 57 633 603 283 112
6 59 634 602 282 112
5 56 664 602 283 113
6 59 656 602 283 114
6 57 661 601 283 114
6 57 667 601 282 115
5 55 638 600 282 115
6 58 652 601 283 116
6 62 650 600 282 117
7 65 647 599 281 118
8 65 657 599 280 119
7 69 654 599 279 120
6 69 651 598 279 121
7 67 644 597 280 122
7 71 646 598 281 123
7 70 646 597 280 124
7 71 633 596 279 123
7 73 668 595 279 124
8 69 645 594 280 124
7 66 662 595 280 124
6 63 658 595 281 124
5 64 641 596 280 123
4 66 655 595 280 124
3 67 649 596 280 124
2 63 667 595 279 123
3 64 658 594 278 124
2 68 656 594 279 124
3 64 647 593 279 125
3 65 663 593 279 124
4 61 645 593 278 125
5 61 662 592 277 125
6 57 648 592 278 124
6 59 661 592 278 123
7 55 643 591 277 123
7 57 656 590 276 122
6 61 653 591 277 121
6 63 655 591 276 121
6 62 647 591 276 120
5 61 657 590 275 121
6 63 636 590 276 122
5 65 638 589 277 123
4 64 664 589 278 122
3 59 659 588 278 122
3 55 633 587 277 121
3 51 664 587 278 121
4 51 643 588 278 122
4 54 645 589 277 122
5 57 638 590 277 123
5 57 643 591 278 124
4 54 666 591 279 124
4 49 638 590 279 123
4 47 668 590 280 122
4 43 632 589 279 123
4 46 641 590 279 124
3 46 632 589 278 124
2 47 631 590 279 125
3 45 633 589 280 126
3 47 652 589 280 126
4 44 639 590 280 127
3 42 655 591 279 127
3 42 643 590 278 128
2 45 643 591 279 128
2 49 639 590 278 127
1 50 634 590 277 127
0 45 654 589 277 127
0 44 639 588 277 127
1 43 634 588 278 127
1 39 660 589 279 127
1 36 665 589 280 128
0 33 651 588 279 129
1 29 657 587 280 128
0 24 640 587 281 129
0 24 631 587 281 130
0 24 636 586 282 131
0 26 631 587 282 132
1 21 661 588 282 132
1 16 653 587 282 132
2 11 665 587 282 131
1 6 666 587 281 132
2 2 666 588 280 131
3 357 649 588 281 130
3 359 636 587 281 131
4 3 633 587 282 131
3 4 659 586 282 132
2 5 653 587 282 132
3 3 648 586 281 133
4 7 663 585 281 133
5 4 634 584 282 134
4 359 643 583 281 135
4 0 666 583 280 134
5 4 632 582 280 134
4 7 663 581 280 134
4 6 656 580 279 134
3 7 665 581 280 133
4 5 663 582 280 132
5 0 665 582 281 131
4 3 650 582 281 132
3 359 654 582 281 132
2 0 639 582 282 132
1 3 652 583 282 131
2 359 634 582 281 132
1 357 669 581 281 132
1 357 655 580 281 132
1 1 642 581 281 131
0 4 635 580 281 132
0 7 651 581 282 132
1 8 653 582 281 133
2 10 666 581 280 134
1 5 634 581 280 134
1 1 630 582 279 133
2 2 653 583 278 133
2 357 660 584 277 134
3 0 644 584 276 133
4 357 665 584 277 132
3 354 647 585 278 131
2 354 643 586 279 131
2 351 659 586 278 131
1 347 630 585 279 131
1 346 653 584 278 130
1 348 634 583 277 129
0 350 658 582 278 129
1 346 642 583 277 128
1 350 651 583 276 129
1 352 640 582 276 129
2 349 669 581 276 129
2 353 653 580 275 129
3 356 662 580 275 129
2 355 638 580 274 130
1 358 643 581 273 131
1 1 664 582 273 132
1 359 653 583 273 131
2 1 636 583 272 131
3 3 636 582 271 132
2 2 662 583 271 133
1 0 660 583 271 134
2 356 632 584 272 133
1 355 668 584 272 133
1 354 653 583 271 132
1 358 653 582 271 132
0 1 656 581 272 131
1 358 655 580 271 130
1 353 666 580 272 129
0 352 662 579 273 130
1 354 635 578 272 130
1 354 643 577 271 131
1 351 641 577 272 130
0 352 663 577 272 129
1 350 636 578 273 128
0 351 665 579 273 127
0 354 635 578 273 127
0 351 633 578 274 127
1 354 631 579 275 127
2 358 653 579 276 126
1 2 646 578 277 127
0 3 648 579 276 127
1 3 643 578 276 128
1 7 634 577 276 127
0 9 665 576 277 127
0 5 650 577 276 127
1 3 663 577 276 127
0 359 656 576 277 126
1 354 662 576 277 127
1 354 662 577 277 127
0 357 646 578 278 128
1 356 630 579 279 129
2 359 631 580 280 129
3 354 639 581 279 128
2 358 660 581 279 127
3 353 665 580 280 128
2 355 666 580 280 129
3 351 663 581 280 130
2 350 631 582 279 130
2 348 668 582 280 130
2 343 654 583 279 129
2 339 637 582 280 129
3 341 631 582 279 128
4 340 630 583 280 127
4 343 644 582 281 126
4 345 640 583 282 125
4 342 654 583 281 124
3 344 663 583 280 124
2 348 663 584 280 123
2 345 658 583 279 123
1 349 650 583 280 122
1 345 660 584 280 121
2 347 637 585 279 120
1 342 639 585 280 120
1 345 663 584 280 119
2 346 663 584 281 119
2 350 636 583 282 120
3 346 668 583 282 120
4 343 662 584 281 120
3 343 649 584 281 120
3 342 662 585 282 120
4 344 633 585 282 119
5 344 633 586 282 119
5 339 641 585 281 118
6 335 647 586 281 119
6 334 648 586 282 118
5 329 669 587 282 117
5 325 658 588 283 118
4 322 650 588 284 119
3 317 660 588 285 120
3 316 647 589 286 121
4 312 649 588 285 121
3 309 640 588 284 122
3 312 667 587 284 121
2 308 648 587 283 121
3 305 661 588 283 121
3 304 666 587 282 121
2 299 652 586 282 122
1 294 658 585 283 123
0 292 630 585 283 122
1 289 634 586 282 121
0 289 634 587 282 121
0 285 665 586 281 120
1 282 647 587 282 119
0 286 647 586 282 119
1 289 657 586 282 119
2 285 660 587 281 118
1 286 645 586 282 118
1 284 662 586 283 119
2 279 669 587 282 118
2 277 665 588 281 118
3 275 638 587 282 119
3 273 642 586 283 119
3 277 662 587 283 119
4 281 653 588 284 118
3 278 643 588 284 119
4 279 638 587 285 120
5 278 631 588 284 120
4 275 643 587 285 120
3 274 631 588 285 119
2 271 630 588 286 119
1 275 634 589 286 119
2 272 640 590 287 118
3 270 630 590 286 117
2 273 666 590 286 118
2 274 662 591 287 119
2 273 662 592 286 120
1 268 656 591 285 120
2 272 635 592 286 120
1 275 634 593 287 121
1 273 663 594 286 121
1 273 660 595 286 122
1 277 637 596 287 122
2 281 656 595 286 122
2 281 630 594 287 123
2 280 654 595 288 124
2 283 660 594 288 124
1 286 636 593 288 125
2 286 633 592 289 126
3 282 666 591 288 126
3 277 639 592 288 126
4 279 635 593 288 125
5 279 658 592 287 126
6 278 663 592 286 127
6 279 657 593 285 128
7 279 637 593 285 127
6 279 642 593 284 126
5 274 653 592 284 125
4 269 652 591 283 125
4 265 660 591 283 126
4 266 638 590 284 126
4 263 640 590 283 126
3 267 644 589 284 127
4 265 659 589 285 128
3 269 643 589 284 129
4 266 644 589 284 128
3 264 635 590 284 128
2 259 632 590 284 129
2 254 634 589 283 128
3 256 647 588 284 127
3 255 648 589 284 126
4 251 642 590 283 125
5 249 668 591 283 124
5 252 659 590 282 124
6 252 662 591 282 123
5 252 653 592 281 122
4 254 655 593 281 122
3 251 657 594 282 123
4 247 644 593 281 123
4 244 666 592 281 124
5 248 649 593 281 125
6 245 639 594 280 125
5 247 648 595 281 124
5 251 656 594 282 123
4 255 656 593 281 123
4 251 652 594 280 122
4 249 635 595 280 122
3 247 630 594 279 122
2 250 633 593 280 122
2 251 656 592 279 121
1 248 657 592 279 121
0 245 663 592 280 120
1 243 630 592 279 119
0 241 653 592 280 118
1 241 654 593 279 119
2 244 630 594 279 118
2 243 662 595 279 118
3 243 657 595 279 117
3 242 659 596 278 117
4 241 656 597 278 117
3 242 650 596 279 116
2 238 642 597 279 116
3 236 647 596 280 116
4 237 653 597 279 116
4 239 635 597 280 116
4 242 649 598 279 115
5 246 639 597 279 114
5 247 631 598 278 113
4 242 638 597 279 112
3 244 665 598 280 112
4 248 639 599 280 112
3 251 642 600 279 112
3 247 657 599 279 113
2 246 669 599 280 113
3 245 647 598 280 113
4 243 643 598 279 113
5 245 635 599 280 114
5 245 654 600 281 113
4 247 664 600 280 114
3 247 666 601 280 113
4 247 648 602 280 112
3 248 643 601 281 112
4 248 645 600 280 113
5 245 664 600 281 114
4 243 635 599 281 114
3 244 655 600 281 114
4 241 659 599 281 114
5 241 658 600 282 113
5 240 643 599 281 113
4 236 663 599 281 113
5 233 650 599 282 113
6 237 637 598 281 114
7 233 648 598 282 114
8 234 634 597 283 115
7 232 642 596 282 114
7 233 649 596 281 115
6 237 643 596 281 116
7 234 648 597 281 115
8 237 631 597 280 116
7 236 655 596 280 117
6 234 650 595 280 118
5 232 660 594 281 119
4 236 662 593 281 119
5 231 636 592 281 120
5 226 634 591 281 121
4 229 659 592 282 120
4 228 646 592 283 121
3 227 668 591 284 120
3 228 660 592 285 121
2 229 659 593 284 122
1 233 640 594 285 121
1 233 639 594 286 121
1 236 649 594 285 120
1 231 653 595 286 119
2 227 632 595 286 120
2 231 648 594 287 119
2 234 662 594 286 119
2 229 636 593 287 118
1 226 659 594 287 117
0 226 633 595 288 116
1 225 665 596 287 116
2 224 653 597 286 117
3 227 656 597 286 118
3 222 649 597 285 119
2 220 635 597 285 119
3 224 661 596 285 120
4 224 640 596 284 119
3 222 656 596 284 119
4 222 661 597 285 119
3 218 639 597 284 119
2 218 630 597 285 120
2 221 630 596 285 119
2 221 667 595 284 120
2 219 644 595 284 119
3 215 639 596 283 119
3 213 664 596 283 120
2 215 636 596 284 119
3 213 665 595 285 118
2 210 643 595 286 118
3 207 667 594 286 117
4 211 665 594 286 118
3 207 653 595 287 118
2 207 644 596 286 117
3 202 639 595 287 116
4 203 635 594 286 117
4 205 648 593 285 116
4 209 651 594 286 117
4 209 638 594 285 117
5 213 646 594 286 117
6 210 654 594 287 118
6 214 662 595 288 118
7 210 667 595 289 117
8 207 648 596 289 117
7 203 651 596 288 116
6 204 645 595 289 115
6 208 660 594 290 114
6 203 658 593 290 113
6 202 661 593 290 112
7 203 648 594 289 112
8 206 632 594 290 112
8 205 655 593 289 113
9 205 646 592 289 113
9 204 660 592 288 113
9 201 667 592 289 113
8 201 657 592 290 112
7 202 663 593 290 112
6 205 636 594 289 113
6 201 646 593 289 112
5 205 632 593 290 113
5 205 663 592 290 113
6 204 648 593 289 114
5 207 632 593 288 114
5 205 635 593 287 115
6 203 643 594 286 115
7 204 634 593 286 116
6 202 649 594 287 115
6 199 661 594 288 115
7 203 659 595 288 115
6 206 644 596 287 115
5 204 633 597 286 114
5 207 666 597 287 115
4 211 636 596 288 115
3 212 636 595 288 115
3 209 638 595 288 114
3 207 664 595 288 114
4 205 641 595 289 113
3 209 657 595 288 113
3 205 660 595 287 112
4 208 640 594 288 113
5 206 665 593 287 114
6 208 668 592 287 115
5 204 659 592 288 115
5 199 642 591 289 116
5 203 669 591 288 116
5 204 657 592 288 116
5 205 661 592 288 117
6 201 661 592 287 116
6 199 663 593 287 117
6 201 660 592 287 118
5 203 630 592 287 119
4 205 645 591 286 118
5 207 637 592 287 117
5 211 636 592 287 117
6 207 667 591 286 118
5 211 659 592 286 117
6 206 644 591 286 118
6 204 660 590 286 119
7 203 668 589 285 120
7 207 665 589 286 119
7 210 663 589 286 118
7 213 669 588 287 119
7 209 667 587 286 120
7 205 668 587 286 120
7 207 638 588 287 120
8 211 654 588 288 120
9 208 643 589 289 119
10 209 658 590 290 118
9 206 631 590 289 119
9 207 661 590 290 119
9 207 642 590 290 120
8 202 650 590 289 119
8 203 657 590 288 118
8 204 652 591 289 119
9 201 640 592 289 119
8 201 647 592 290 118
9 197 644 592 290 119
8 196 661 591 291 120
7 193 646 590 290 119
7 192 669 590 291 119
7 192 651 589 292 120
8 191 663 588 291 119
8 191 633 588 290 120
7 189 651 589 289 119
8 192 659 590 289 118
7 193 655 591 289 117
7 197 637 592 289 117
7 195 648 591 290 117
7 195 635 591 291 116
7 192 648 590 292 115
7 193 634 591 291 115
6 191 654 591 291 115
6 191 650 590 292 114
5 188 653 591 293 115
4 186 651 592 293 115
3 190 667 593 292 114
3 192 652 592 292 114
2 194 634 593 291 113
2 190 667 594 291 112
2 192 644 594 291 113
2 196 661 593 290 113
3 200 656 594 290 114
2 203 663 593 290 114
2 201 649 594 289 113
3 203 645 593 288 113
2 198 654 594 287 114
1 202 639 593 287 115
2 202 660 593 288 115
2 206 652 594 287 114
3 202 665 595 286 114
3 205 637 595 286 113
2 207 635 596 286 112
3 208 635 596 286 113
2 207 661 596 285 114
1 202 653 597 285 113
1 197 658 596 284 113
0 195 658 597 284 112
1 198 650 596 284 113
1 200 644 597 283 114
2 201 641 597 283 113
2 199 669 597 283 114
2 198 664 597 282 113
2 197 635 597 282 114
1 199 637 598 282 115
1 200 669 597 281 115
2 198 652 598 282 116
2 195 633 597 283 115
1 196 655 598 282 114
2 199 630 598 283 114
3 197 634 597 283 115
3 201 652 598 284 115
2 197 639 597 285 116
3 199 652 598 285 116
3 195 633 597 286 117
2 193 634 597 286 117
2 195 645 598 286 116
3 193 653 597 287 115
3 190 651 596 288 116
3 188 632 596 288 116
2 189 635 595 289 117
3 191 643 596 289 116
2 186 643 597 289 117
2 190 667 596 289 118
1 194 661 597 288 119
0 194 632 598 288 120
0 189 646 599 289 121
1 190 644 600 288 121
2 188 634 601 289 121
1 191 632 600 288 121
0 190 659 599 287 121
1 193 666 598 287 122
0 189 648 599 287 123
1 190 635 600 287 124
1 188 651 601 286 124
0 192 653 600 287 123
1 195 644 600 287 124
0 197 649 599 286 124
1 194 642 598 285 123
0 194 630 598 286 123
0 191 664 598 285 122
1 190 644 597 284 122
2 186 653 596 283 123
3 186 664 596 282 122
2 188 644 595 281 123
2 192 666 594 280 124
1 196 642 593 281 125
2 197 666 593 282 125
3 201 647 592 282 126
2 202 666 592 281 126
2 205 668 592 281 127
2 209 668 591 281 126
2 209 667 592 281 126
3 207 643 593 282 127
4 203 661 593 283 127
5 201 662 593 282 126
6 204 637 592 283 125
5 208 640 591 283 124
5 204 666 590 282 125
6 206 669 590 283 124
6 201 651 590 284 125
6 200 663 589 283 125
5 203 667 589 284 126
6 204 646 589 284 125
5 207 661 590 284 124
5 209 661 590 284 124
5 211 633 590 285 123
4 208 633 589 284 124
4 203 644 589 285 125
4 199 653 589 286 124
4 196 647 588 286 123
5 193 640 588 285 122
4 189 655 587 285 123
4 184 663 586 286 124
5 183 667 587 286 124
4 185 630 588 287 125
4 182 634 589 288 125
3 177 649 588 289 125
4 172 634 589 288 124
3 173 665 588 287 124
3 174 645 587 286 125
4 178 666 586 286 124
3 178 663 587 287 125
3 181 641 587 288 124
3 176 660 588 289 123
3 178 650 589 290 124
2 176 630 588 289 124
2 177 631 587 290 123
2 173 634 588 289 122
2 172 653 587 290 122
1 169 650 587 291 122
0 173 656 586 290 122
0 174 669 585 291 122
1 177 630 586 292 121
2 173 667 586 292 122
2 172 656 585 293 122
1 169 662 586 293 122
2 166 668 585 293 123
2 169 666 586 293 122
2 169 648 587 293 123
3 169 638 586 293 122
3 167 632 587 293 122
2 168 660 586 294 121
3 169 648 587 294 122
3 173 666 588 293 121
3 171 661 589 292 122
4 167 636 588 291 123
4 164 654 589 290 124
3 162 657 588 290 124
4 157 632 589 290 123
3 155 665 590 291 122
3 154 654 590 292 121
4 156 665 591 292 120
4 156 631 592 292 121
4 155 630 592 293 121
4 155 665 593 293 120
4 155 654 594 294 119
3 157 658 595 295 119
4 157 645 594 296 119
5 157 663 593 296 120
6 153 652 594 296 121
5 157 645 595 295 122
4 153 636 595 295 121
4 149 669 595 295 122
5 148 657 595 295 121
4 147 652 596 294 122
4 142 642 597 295 121
4 143 648 597 294 121
5 144 644 598 293 121
4 142 639 597 294 121
3 137 647 597 294 121
4 139 640 597 294 120
4 139 641 597 294 120
3 143 660 598 295 121
3 142 655 598 295 121
2 141 639 599 295 121
3 144 667 598 296 120
2 148 632 597 295 121
3 149 664 597 296 120
3 152 640 598 295 121
3 153 665 599 295 121
4 152 663 598 295 121
5 155 664 598 295 121
4 154 641 598 295 120
3 151 634 597 295 121
4 146 647 596 296 122
5 145 656 595 297 122
4 143 658 596 297 123
3 141 634 595 296 122
3 145 658 596 295 123
4 149 653 597 294 123
3 152 637 596 293 123
2 149 667 597 292 123
2 153 666 596 291 124
3 153 634 597 291 124
2 156 636 596 291 124
2 155 637 597 290 124
3 150 668 597 289 124
3 149 663 596 288 125
4 144 630 596 287 125
4 148 664 596 287 125
3 147 637 597 288 125
2 147 654 596 287 124
1 147 651 596 287 124
2 145 653 596 287 125
2 144 632 595 287 124
2 141 658 594 287 125
1 145 644 593 288 125
2 145 665 593 289 124
1 147 639 593 288 123
2 144 639 593 288 124
2 147 652 593 288 123
2 146 666 594 287 124
3 144 638 594 286 124
2 143 669 593 286 123
3 139 643 592 285 122
2 142 640 593 285 122
1 144 636 592 286 121
2 141 661 593 287 120
3 142 638 594 287 120
3 140 638 594 288 119
3 143 658 594 289 118
3 138 635 594 289 117
4 136 648 593 290 117
3 133 655 592 289 118
4 133 651 591 289 118
4 131 667 592 290 118
4 127 637 592 290 119
5 127 651 592 291 120
6 126 635 593 292 120
7 130 660 592 292 120
7 131 659 592 292 121
7 130 632 593 293 120
8 126 656 593 294 119
9 127 641 593 293 120
10 127 640 593 293 120
9 124 634 592 293 121
8 122 652 593 293 120
7 126 659 592 294 120
8 128 663 593 293 120
9 124 660 592 293 121
9 125 642 591 293 121
8 125 649 592 293 122
8 120 651 591 292 121
7 115 660 592 292 121
6 117 653 591 291 121
6 112 634 592 291 120
7 111 642 592 292 121
6 110 667 591 292 121
5 114 645 591 291 121
6 117 653 591 292 122
6 121 660 591 293 123
5 116 660 592 294 122
5 113 659 591 294 122
5 111 656 592 295 121
4 110 658 593 295 121
5 112 657 592 294 120
6 107 632 592 293 121
6 107 631 592 294 122
5 103 649 591 294 123
4 101 658 591 293 124
4 102 658 590 294 123
5 99 656 589 293 124
5 102 661 590 293 125
4 98 654 589 292 124
4 98 663 589 291 124
3 99 631 590 292 125
4 94 663 589 292 124
5 95 640 589 292 123
4 91 657 590 293 123
5 89 644 591 294 122
6 89 656 590 295 122
5 88 636 590 295 121
5 84 665 589 294 122
4 84 655 588 294 123
5 85 643 589 294 123
4 85 631 590 293 123
4 85 653 589 294 123
3 88 637 589 293 122
3 91 640 590 292 121
2 89 652 591 293 121
2 86 650 592 292 122
2 88 665 591 293 122
3 88 660 592 293 123
3 90 650 591 294 123
2 91 651 592 295 123
1 88 636 591 295 124
1 88 658 592 295 125
1 84 663 592 294 124
0 87 665 593 295 123
1 88 654 592 296 122
1 91 638 592 295 123
1 90 666 593 295 122
0 85 665 592 294 122
0 84 644 591 294 121
0 87 654 592 293 121
1 85 633 591 293 121
1 80 642 590 292 122
1 84 655 589 291 123
1 82 656 590 291 123
0 77 655 591 292 123
1 72 653 592 293 123
2 75 660 592 293 122
3 74 631 593 293 121
4 76 649 592 292 122
3 74 644 592 293 122
4 71 663 592 292 121
5 72 654 592 292 122
4 72 644 591 292 122
5 69 636 590 293 122
5 69 656 589 292 122
5 70 659 590 291 121
5 74 641 590 291 120
5 72 652 590 290 121
6 71 639 591 289 121
7 66 638 590 290 120
7 66 658 589 291 121
7 68 651 588 292 121
6 69 664 588 292 120
7 72 649 587 291 120
6 75 635 588 290 119
5 76 662 588 291 118
4 80 640 587 292 119
4 84 654 588 291 120
5 81 667 589 291 121
4 85 665 588 291 120
5 83 654 587 291 119
4 84 636 588 291 120
4 86 641 588 292 121
5 87 650 588 291 122
6 82 651 587 290 123
5 82 659 586 289 123
4 82 639 586 289 124
5 78 650 585 289 124
4 79 643 584 289 125
5 76 668 583 289 124
5 74 667 584 290 123
5 69 660 583 290 123
5 66 643 584 291 124
5 69 643 585 290 124
5 69 658 584 289 124
4 73 636 583 288 124
4 68 634 584 287 124
3 70 653 584 288 123
4 68 644 585 288 124
5 72 633 586 289 125
4 75 665 587 290 125
3 79 667 586 289 124
4 76 635 585 289 124
3 72 660 585 288 124
2 70 659 585 287 123
2 71 653 584 288 123
3 71 636 583 287 124
2 71 656 583 287 123
1 73 669 584 286 123
1 77 632 585 287 124
0 73 661 584 286 125
1 71 633 585 287 125
0 71 639 585 288 125
1 74 665 585 287 124
1 76 630 585 287 125
2 75 637 585 288 126
3 74 651 586 289 127
4 72 641 586 288 128
5 75 665 586 288 128
4 79 662 586 288 128
4 81 658 587 287 128
4 80 655 586 286 127
3 80 658 585 286 127
3 84 647 586 285 126
3 84 666 586 286 127
2 87 634 585 285 128
1 84 656 584 286 128
1 81 667 583 287 128
0 79 643 584 287 127
1 75 661 583 286 128
0 72 667 582 287 127
1 76 642 582 287 128
2 78 637 583 287 129
1 78 649 584 287 128
2 80 661 585 288 129
3 80 653 586 287 129
2 78 652 586 288 129
2 73 663 585 287 130
2 70 634 584 286 131
3 66 653 585 285 131
4 62 654 586 285 130
5 63 668 585 285 131
4 65 632 585 284 131
3 67 632 586 285 131
3 64 664 586 284 132
2 60 652 587 284 131
3 57 640 586 283 132
2 53 653 586 282 132
3 54 645 585 283 133
4 54 664 585 284 132
3 56 659 584 283 132
3 51 651 583 284 131
3 54 663 584 284 132
3 52 665 585 284 132
2 50 655 585 285 131
3 48 647 586 284 130
3 44 652 587 283 130
3 40 651 588 283 131
2 41 648 588 282 132
2 40 667 589 282 133
3 42 635 590 282 133
3 37 635 591 283 132
2 40 664 592 283 132
3 35 656 592 282 133
4 30 645 591 281 133
5 25 658 592 281 132
5 23 656 593 281 132
4 24 662 594 280 133
3 25 661 594 281 132
2 24 656 593 281 133
3 23 653 592 281 132
2 23 631 593 281 131
1 21 633 594 280 132
1 19 650 594 279 132
2 23 653 595 278 132
1 18 664 595 278 133
2 16 640 596 279 134
2 18 645 597 278 134
2 14 663 598 278 134
2 9 664 598 279 135
1 8 666 598 278 136
0 7 642 599 279 137
1 3 639 598 280 136
0 5 640 599 280 136
0 3 651 598 279 135
1 6 665 599 279 134
0 1 656 600 280 133
1 1 642 601 281 132
2 356 665 600 280 132
2 355 654 599 281 133
3 352 657 600 281 132
4 347 643 600 282 131
4 350 666 601 281 132
4 346 663 602 281 132
5 346 658 602 282 131
5 341 634 602 282 132
6 344 648 603 282 133
6 340 644 604 283 134
6 335 660 605 283 133
6 331 631 605 284 133
6 334 645 606 284 132
7 336 639 607 283 132
6 340 637 607 282 131
5 337 645 608 281 130
4 334 648 607 282 129
5 334 666 606 282 129
6 337 650 605 283 128
5 338 640 606 282 127
5 336 663 606 281 126
5 340 669 605 281 127
6 338 652 606 281 126
7 333 664 605 282 125
6 331 667 606 281 126
5 329 637 607 280 126
4 325 660 607 280 126
3 329 653 606 279 125
2 330 655 606 278 125
2 329 654 607 278 124
1 329 631 608 279 125
2 326 666 608 280 125
1 324 657 609 280 126
1 326 635 609 280 126
2 322 659 610 279 126
2 323 659 611 278 125
3 318 657 610 277 124
3 317 657 610 276 124
2 320 665 611 275 124
1 315 664 611 276 125
0 313 662 610 277 126
1 309 665 609 277 125
1 307 634 608 278 124
0 311 664 607 277 123
1 313 661 606 278 122
0 314 667 605 279 123
0 315 666 604 280 123
1 317 646 603 281 122
2 321 658 604 281 122
2 317 637 604 282 123
1 314 665 605 281 124
2 317 632 605 280 125
2 318 636 604 280 126
3 313 642 605 279 126
2 315 645 605 280 126
2 313 652 604 279 126
2 308 654 603 280 127
3 311 651 603 279 128
3 315 642 602 279 129
2 315 634 601 280 130
3 314 650 602 280 130
2 312 658 603 280 131
3 308 659 603 281 131
4 307 662 603 282 130
5 304 645 602 283 129
4 308 651 603 283 129
4 303 663 604 283 128
5 304 635 604 284 127
4 302 646 604 283 126
4 298 634 605 283 126
4 294 645 605 282 127
3 298 634 605 282 128
3 298 647 606 282 127
2 302 664 606 283 128
3 300 664 606 282 128
3 303 649 606 281 127
2 301 635 607 282 128
1 296 646 606 281 129
0 298 669 606 280 128
0 302 645 607 279 129
1 297 663 608 280 129
1 300 641 609 280 129
0 301 649 610 279 128
1 301 665 610 280 128
2 299 634 610 280 129
3 298 645 609 280 128
4 300 636 610 280 127
3 299 644 611 279 127
4 294 669 611 278 127
5 291 651 611 277 126
6 286 665 611 278 125
6 285 648 610 279 125
5 281 660 610 280 124
5 276 644 610 279 125
6 272 636 611 278 124
6 275 654 610 279 123
6 274 635 609 279 122
7 278 660 608 280 121
6 279 643 609 281 122
5 277 668 609 281 123
4 281 643 609 281 123
4 282 656 610 281 123
3 283 638 609 280 123
4 281 648 610 281 123
5 282 659 610 281 123
6 285 641 610 280 122
7 281 656 609 279 123
7 276 650 610 279 123
8 277 640 609 280 124
8 275 631 608 281 125
7 276 660 609 281 124
6 275 639 609 281 125
7 270 647 609 280 126
8 265 656 610 280 126
7 261 634 610 279 125
6 261 657 610 278 124
5 265 654 611 277 123
6 260 647 611 278 124
6 255 664 611 278 124
6 252 640 610 279 123
6 253 663 609 278 124
