654 511
743 383
630 351
603 366
716 524
726 419
736 400
672 474
642 535
694 506
731 466
706 469
745 502
734 534
686 386
605 365
649 391
730 457
621 482
626 494
615 381
708 513
630 433
717 468
738 544
617 501
665 542
684 500
667 541
616 540
737 547
673 427
741 533
678 497
648 396
745 544
704 456
722 425
696 422
604 431
603 477
701 467
737 493
736 532
672 485
653 459
660 458
665 476
741 464
655 391
666 529
649 524
643 537
706 386
746 457
629 500
633 506
677 382
701 386
744 481
644 502
663 448
657 512
653 389
659 538
688 474
655 532
604 549
723 540
748 517
733 479
695 488
633 535
730 496
616 468
642 389
658 449
662 509
669 522
616 362
695 530
670 508
661 422
608 482
624 505
742 480
653 441
650 475
729 350
649 361
676 532
740 428
707 452
653 499
639 370
616 438
655 518
675 513
665 507
629 378
645 441
744 355
628 385
619 446
698 354
742 542
707 370
678 418
608 356
675 515
644 390
623 412
743 413
631 515
725 512
646 515
686 472
685 484
745 539
602 520
730 371
672 514
651 392
680 508
736 482
605 459
639 514
747 388
707 523
686 539
661 385
736 476
720 503
660 451
648 453
735 383
613 351
619 468
731 411
614 440
623 456
745 481
624 377
737 531
674 472
675 438
680 397
627 440
697 533
654 387
714 354
613 398
604 441
666 401
635 390
615 430
614 491
651 532
677 435
677 521
682 398
645 381
689 443
700 444
749 485
673 456
645 515
645 404
669 365
685 444
665 427
673 395
637 459
637 456
644 374
661 417
675 482
666 445
663 393
606 475
705 465
607 446
623 445
706 474
619 414
687 407
738 472
668 386
642 441
617 398
621 503
669 398
713 435
708 540
694 411
700 468
655 424
660 481
621 429
667 479
728 395
630 395
670 415
694 462
726 431
601 479
615 465
631 468
673 358
731 390
704 544
681 517
734 445
705 500
665 489
691 380
603 409
658 417
709 521
678 538
718 428
639 500
688 443
680 430
668 474
729 499
698 511
633 387
608 446
693 547
717 442
668 438
610 518
648 379
611 530
607 544
652 524
687 427
748 513
677 417
610 418
671 531
690 462
680 373
683 360
635 408
607 402
744 521
703 524
675 394
705 550
705 390
639 396
722 459
606 538
620 469
718 387
632 519
687 531
626 403
678 378
643 405
631 403
733 363
691 515
748 524
711 545
677 492
645 509
615 426
740 429
608 391
674 527
604 449
634 406
675 402
691 434
743 428
666 434
676 503
695 375
729 465
638 467
615 485
610 499
648 545
708 421
726 524
628 432
653 459
671 434
636 350
620 497
650 488
726 404
627 392
616 481
608 362
721 543
680 389
660 538
651 376
638 536
711 484
609 504
687 539
644 512
689 481
657 541
749 532
646 514
665 509
689 537
682 385
676 398
728 369
617 511
731 426
675 464
654 354
620 492
619 499
603 413
600 508
617 445
701 479
634 489
718 432
609 388
655 493
646 388
647 464
656 376
648 401
619 382
652 374
705 516
609 385
632 386
642 436
750 459
745 513
603 412
602 387
699 370
696 449
722 484
648 361
676 361
637 537
669 463
700 417
718 505
699 505
728 497
705 517
669 523
673 507
649 436
739 455
680 397
622 543
737 469
720 529
679 403
707 397
697 501
654 542
612 428
696 503
719 370
617 454
728 353
608 477
749 477
656 400
609 446
716 538
662 532
627 358
710 482
652 392
612 509
665 543
666 388
672 417
740 376
632 481
674 358
632 388
745 523
721 425
656 516
696 459
702 510
604 415
671 539
663 482
721 415
610 482
605 374
621 350
623 395
668 400
695 368
646 452
743 352
707 471
671 439
639 404
666 547
624 543
633 431
640 401
703 534
609 478
656 441
641 415
717 408
627 356
645 463
636 488
643 380
649 449
647 367
656 379
733 535
624 548
683 381
717 410
622 518
715 416
686 507
679 399
662 531
720 403
737 489
661 462
619 375
731 535
606 410
611 398
686 415
602 521
680 447
662 504
733 362
621 468
653 479
668 486
688 393
655 399
636 374
634 409
659 438
607 508
687 417
692 358
600 428
669 484
714 440
633 381
676 462
616 380
609 394
649 361
654 546
642 364
602 491
636 375
721 443
606 492
749 397
649 361
748 450
677 451
740 400
633 496
646 465
638 427
624 389
748 381
700 392
676 474
735 364
709 482
666 506
675 396
644 469
615 482
705 481
688 482
620 517
638 495
750 461
714 395
703 382
748 471
670 377
698 460
698 436
615 458
656 401
614 479
605 353
689 374
709 373
640 491
611 452
668 481
632 351
618 416
602 407
652 483
686 528
617 435
699 509
727 488
691 432
622 537
611 465
708 385
707 390
693 538
689 353
693 419
646 495
621 445
644 437
632 438
659 545
636 544
731 431
617 499
628 498
738 365
738 402
694 456
625 452
747 406
633 418
719 527
719 508
628 502
684 511
727 439
619 370
622 520
699 406
641 352
656 524
649 545
634 442
727 402
708 453
739 526
683 547
695 488
659 430
602 362
724 458
606 510
741 432
601 469
745 426
735 423
720 542
600 467
663 422
687 491
680 479
614 424
614 474
714 496
720 465
612 437
705 441
703 465
710 531
668 391
728 472
706 525
660 550
635 498
613 485
654 476
652 484
672 518
743 536
723 463
633 501
645 513
601 357
616 449
702 461
736 379
662 447
601 419
667 479
666 535
648 519
634 529
645 525
603 405
684 395
650 430
698 496
618 470
706 375
709 534
691 376
650 528
716 389
648 412
609 469
717 461
746 406
707 543
649 401
621 512
669 459
618 527
624 447
703 391
602 483
700 509
745 412
736 382
643 439
634 400
665 404
702 444
613 528
608 389
658 361
709 437
717 402
632 450
718 542
651 416
678 357
623 352
629 373
703 367
668 507
634 491
732 394
697 391
665 462
660 461
735 447
724 528
725 468
689 529
725 459
639 494
702 477
732 488
663 380
615 520
628 374
684 380
710 466
619 377
721 385
650 528
713 351
672 448
705 403
607 489
681 392
672 359
725 480
694 389
729 422
737 514
707 508
678 475
624 436
745 400
661 372
742 488
633 488
602 353
610 477
681 383
724 543
645 431
709 392
726 513
635 456
664 482
709 440
608 531
658 462
671 375
674 511
640 527
610 542
676 486
745 434
712 418
714 463
617 392
710 494
667 445
720 520
685 395
688 356
699 423
661 378
653 419
678 406
632 488
677 509
642 534
718 496
664 534
619 444
609 478
684 412
632 373
647 408
603 509
646 461
703 364
657 506
690 457
633 466
708 433
690 487
698 527
626 537
704 385
659 539
633 454
694 493
716 430
651 477
646 399
719 546
723 371
715 392
618 455
605 365
636 402
719 466
734 533
655 447
717 364
649 405
633 492
736 518
728 530
657 369
658 399
688 492
724 472
729 374
713 404
671 448
696 448
733 500
727 378
660 535
680 364
743 486
694 387
736 492
723 463
737 484
605 415
704 516
737 496
617 443
659 522
730 501
676 545
728 379
746 407
634 539
622 428
665 448
728 495
636 428
745 392
724 458
715 445
674 523
622 546
696 351
642 471
671 464
693 473
609 410
640 360
706 440
611 436
680 408
728 489
606 539
667 495
663 355
613 505
623 419
651 377
686 415
632 355
704 373
667 430
626 433
685 361
629 500
719 467
714 413
689 406
603 470
608 494
613 383
735 489
689 387
654 528
702 352
653 380
660 468
681 543
711 481
607 371
730 529
639 414
601 455
672 535
741 503
656 501
685 445
713 435
649 418
600 495
602 388
740 527
623 462
679 426
701 442
613 455
732 527
736 390
725 514
601 383
673 494
739 534
749 439
727 435
625 514
727 400
706 413
699 490
711 426
601 530
747 545
675 520
688 407
720 457
713 521
684 475
702 548
735 376
716 426
697 539
678 519
629 504
605 541
750 468
727 372
724 454
674 461
671 357
680 536
645 532
676 419
692 413
649 389
646 439
703 429
703 534
710 414
748 369
605 395
698 407
629 395
608 544
712 388
622 545
633 450
640 359
704 511
605 426
600 547
706 366
699 434
700 467
711 483
691 418
693 486
601 384
717 490
634 544
605 363
660 374
608 410
724 513
637 463
623 383
626 356
650 381
665 511
647 440
674 386
601 354
611 427
617 387
617 454
720 457
679 500
673 351
614 504
617 400
603 459
700 357
646 526
645 508
692 456
724 354
715 414
632 398
748 491
677 477
611 368
692 381
632 423
676 394
610 464
646 435
749 514
671 510
661 382
625 536
708 516
709 475
608 510
691 394
693 465
654 373
700 381
688 389
615 465
725 456
745 510
734 461
746 544
691 516
633 477
612 485
609 392
683 381
730 513
603 458
636 446
711 386
623 394
747 395
677 385
693 506
644 407
734 415
701 532
717 450
647 428
725 397
739 521
734 546
635 385
622 537
614 399
614 492
667 466
679 391
731 479
680 469
749 350
636 440
674 469
647 533
703 546
717 520
633 434
693 398
657 413
681 373
690 547
616 406
667 549
607 532
715 546
614 433
649 492
705 408
615 491
690 358
693 383
691 519
723 455
692 402
632 451
659 507
672 416
707 494
620 360
671 378
632 540
636 426
635 400
666 471
735 524
741 505
672 384
603 387
730 448
674 506
632 529
621 507
676 477
640 498
609 355
638 441
687 400
715 473
634 528
677 463
681 419
747 423
660 442
739 487
700 464
684 545
637 437
678 477
710 374
620 518
653 463
632 366
639 460
727 422
614 419
648 379
635 517
698 507
705 359
614 432
676 540
621 489
745 434
620 408
625 460
650 407
712 428
746 367
632 390
649 448
652 491
749 459
659 520
627 426
719 359
600 525
706 351
656 439
647 471
715 427
614 453
747 439
653 395
625 495
628 403
655 431
729 455
667 424
731 541
743 436
734 428
701 547
612 354
615 550
683 395
660 461
729 357
607 391
678 387
743 496
631 534
676 383
623 427
707 399
674 504
628 451
655 357
727 477
613 404
723 366
668 488
647 502
730 465
686 408
694 378
734 519
737 532
740 408
642 538
696 460
641 418
744 409
703 443
746 535
649 484
622 385
682 353
705 423
657 500
719 516
676 454
748 468
670 476
731 416
640 533
613 475
695 539
625 469
618 543
641 358
648 403
739 374
677 364
640 511
713 426
725 372
746 409
723 488
623 451
718 364
605 417
695 536
644 456
638 393
692 538
716 367
614 524
654 472
699 468
652 530
617 434
622 483
738 443
663 508
721 510
695 455
640 400
658 386
641 549
748 541
729 529
632 359
679 467
686 379
727 543
600 424
696 439
700 408
678 535
713 394
601 485
691 414
703 459
651 406
654 452
697 540
602 394
744 404
656 479
727 440
691 480
643 542
633 494
675 491
665 426
603 452
675 433
642 357
679 537
662 378
668 464
701 443
639 401
695 422
653 372
716 384
706 468
725 545
657 447
607 521
748 390
674 443
709 391
691 522
602 474
661 449
730 463
696 469
695 512
722 404
605 365
742 406
637 393
685 534
726 500
738 530
671 361
623 472
702 538
722 486
633 490
656 381
740 515
644 354
648 374
663 456
652 537
605 378
616 488
727 413
730 512
634 381
686 362
690 457
609 398
625 528
680 444
631 521
733 500
710 425
730 536
624 431
682 364
645 434
623 372
745 521
649 394
733 353
692 452
675 433
641 522
627 431
706 412
601 361
722 544
745 484
744 396
641 358
714 363
708 451
690 483
735 457
647 430
618 410
732 468
749 411
724 371
679 498
683 514
698 477
626 501
606 356
738 434
720 383
631 407
619 476
704 515
696 513
722 479
741 533
709 406
747 352
628 396
726 537
730 533
654 497
704 536
669 501
743 539
645 477
726 471
667 526
627 485
729 390
600 428
626 354
658 443
638 378
680 419
656 494
625 511
686 436
703 528
639 448
610 541
687 535
699 472
626 518
619 490
654 473
678 523
722 496
629 531
675 390
742 374
737 424
693 383
703 456
674 538
690 436
723 386
625 495
601 365
737 531
605 413
700 542
712 527
705 536
601 536
631 439
660 436
747 542
728 461
628 447
667 548
713 375
724 515
738 408
636 445
620 372
714 354
667 547
689 394
743 492
741 454
647 410
738 380
657 449
749 519
726 498
622 428
709 547
723 500
608 380
609 420
712 525
655 461
643 400
631 488
741 438
730 448
737 358
660 539
649 415
609 435
675 408
731 503
608 424
673 445
722 418
653 408
694 516
624 550
728 395
643 413
667 490
717 509
703 485
605 401
639 393
652 541
692 365
672 481
664 463
720 404
725 412
623 460
622 543
648 440
622 527
733 478
639 485
627 488
749 501
733 397
609 360
614 450
635 513
660 473
631 500
652 465
680 474
744 373
617 370
725 467
688 523
634 441
711 511
658 412
698 468
671 415
637 500
729 368
696 468
681 370
734 363
710 431
630 375
672 399
687 475
685 407
673 418
694 368
600 506
670 353
694 450
636 508
725 475
695 374
644 406
632 458
641 418
670 432
634 518
602 351
667 467
616 408
717 506
719 491
687 457
726 482
650 452
697 356
611 365
612 451
650 459
635 512
697 428
746 545
643 461
687 374
671 430
721 382
684 374
657 459
698 369
627 423
605 542
600 412
655 449
612 395
610 376
647 450
663 377
641 521
676 470
716 423
734 520
626 398
738 416
733 451
627 516
618 387
692 481
632 513
656 376
635 531
744 379
610 368
662 434
611 381
732 389
709 380
631 537
743 378
723 424
690 449
696 477
734 426
614 531
636 515
615 435
743 452
721 487
644 406
739 486
620 454
670 512
724 401
738 454
746 387
666 387
739 388
671 543
695 412
679 355
719 402
745 448
610 479
616 518
724 422
743 450
601 485
664 499
654 550
646 367
621 358
651 419
652 522
706 490
678 454
611 531
707 429
624 442
663 440
746 356
644 548
718 513
638 361
685 369
604 513
703 392
705 358
676 357
703 437
710 515
648 353
661 429
608 389
627 523
663 534
750 382
651 463
658 381
650 369
675 352
605 515
710 448
717 422
622 407
645 505
606 422
726 384
636 466
694 549
620 459
656 504
737 548
614 355
728 510
665 393
666 457
730 402
624 463
644 370
666 529
630 375
746 390
674 498
697 487
654 502
709 522
612 483
701 483
707 386
707 364
671 541
699 384
743 392
686 499
659 382
732 389
676 374
645 515
750 362
613 502
645 482
657 375
691 476
718 439
691 399
671 465
684 502
741 360
684 411
608 405
659 456
725 502
701 367
652 527
655 356
706 506
702 469
697 473
605 466
686 538
675 452
721 362
632 480
680 366
718 429
628 355
645 366
615 414
723 458
614 434
687 549
727 398
656 384
744 380
669 454
605 429
637 425
696 382
717 360
744 516
655 452
626 366
748 407
656 436
630 520
707 440
704 436
727 456
675 510
611 544
678 549
682 472
610 424
662 400
651 491
642 377
667 381
724 413
650 492
647 380
655 357
638 422
696 540
695 427
711 504
702 485
734 351
616 465
638 543
605 477
711 507
606 529
602 472
604 476
685 467
620 448
655 514
629 480
748 527
742 515
699 528
712 480
677 494
682 434
617 414
743 453
621 428
742 504
701 517
708 378
617 369
677 472
718 548
712 370
653 475
619 410
623 445
736 540
649 436
619 356
661 514
615 392
641 546
750 527
629 465
634 380
627 420
728 524
641 456
750 486
618 357
659 360
734 373
667 502
686 379
631 548
707 380
641 445
654 433
670 372
746 442
748 364
614 361
613 358
708 490
662 515
709 475
674 474
743 425
674 472
625 402
656 509
690 410
624 466
640 406
617 541
633 431
606 385
698 412
611 367
611 537
722 396
677 479
654 518
634 354
606 542
656 390
708 362
691 532
724 388
601 513
735 405
688 505
739 452
706 421
672 522
633 355
618 455
635 488
604 469
694 407
628 392
742 397
645 396
737 414
695 500
618 527
664 532
645 468
748 449
644 491
705 485
600 379
740 395
733 363
709 355
670 385
675 473
625 464
661 420
626 408
739 472
640 475
715 423
645 445
694 475
621 374
705 480
711 501
723 537
631 395
748 518
610 501
686 367
635 529
650 378
690 476
616 372
715 413
631 431
651 411
609 488
661 430
613 465
642 429
728 538
733 385
702 370
692 537
602 492
743 405
721 497
694 497
705 379
672 478
653 519
698 539
744 415
644 406
661 404
661 384
705 489
740 500
625 534
654 436
723 351
607 371
629 367
609 545
689 358
692 474
705 437
630 421
734 396
621 407
621 414
708 372
687 452
716 372
663 531
632 397
738 360
686 365
672 535
725 496
651 480
641 365
699 460
668 351
692 512
750 371
674 518
717 431
621 485
724 381
616 482
627 477
749 377
718 361
697 376
745 408
676 515
718 365
719 422
618 447
641 446
689 540
741 415
625 408
661 369
688 531
681 515
629 549
623 447
693 499
674 502
627 381
667 352
730 404
684 405
722 392
637 449
660 393
631 529
621 474
672 548
636 416
747 549
706 353
683 510
646 405
746 433
625 361
738 485
740 350
638 526
718 512
648 416
630 365
621 413
648 527
616 359
673 546
718 473
643 535
705 424
682 433
654 527
601 530
603 529
608 443
644 357
616 358
652 413
714 529
735 522
689 438
700 456
674 527
687 546
721 474
652 388
716 421
650 353
742 536
630 490
750 536
647 446
607 469
629 376
663 506
603 476
715 400
636 550
715 354
717 527
741 405
604 487
741 489
623 430
713 384
723 503
723 441
726 423
651 457
627 534
650 484
729 512
606 532
742 518
645 361
733 548
672 523
616 481
708 391
618 378
694 454
738 462
747 423
699 438
609 471
699 426
634 510
670 408
694 436
735 476
741 518
749 488
626 367
686 356
685 514
651 528
739 478
701 411
646 373
736 367
638 500
634 404
647 394
695 375
642 541
674 461
747 550
685 507
631 444
606 390
616 378
733 434
740 451
681 364
708 460
700 514
745 474
636 419
603 404
716 362
646 476
696 399
605 458
624 352
734 400
659 485
709 528
628 389
702 525
654 450
735 523
675 530
710 451
695 363
632 480
628 450
725 540
727 534
673 404
667 380
732 487
655 407
655 453
603 351
684 467
620 351
675 384
640 529
745 355
688 468
677 353
618 483
747 440
701 384
690 426
694 497
708 544
651 414
617 373
702 446
678 429
711 471
660 378
628 368
723 363
625 508
747 504
646 422
628 435
748 436
693 394
661 378
700 360
740 527
717 354
647 363
641 499
698 358
714 375
742 440
619 356
675 466
607 516
618 540
687 437
657 543
729 424
664 538
628 353
656 498
643 395
688 432
606 353
661 483
638 550
646 470
716 375
709 514
726 492
745 540
723 442
713 455
639 457
615 364
621 391
741 504
720 466
685 356
676 488
655 470
692 492
683 395
678 487
746 393
624 519
720 507
618 535
703 397
677 403
723 536
603 539
634 386
653 445
606 484
707 502
712 355
644 458
621 360
662 403
669 450
648 421
677 550
683 475
740 475
606 515
635 484
715 505
738 495
731 549
626 454
635 507
663 408
600 504
743 381
666 547
695 530
725 443
646 373
668 445
710 385
728 516
725 423
677 405
643 434
601 452
668 374
741 422
670 431
717 353
686 415
604 527
718 465
610 464
659 355
698 401
677 486
700 460
746 523
605 375
643 413
631 480
661 504
672 535
682 390
653 392
610 514
707 540
680 351
741 501
715 441
619 521
615 458
663 363
652 454
689 531
714 426
615 488
699 396
601 500
600 450
608 356
623 473
631 372
688 489
640 376
739 426
743 350
690 510
617 461
649 377
618 465
611 527
617 381
736 466
638 480
617 474
634 504
655 407
729 390
618 423
646 363
674 522
733 407
675 432
701 449
618 378
633 399
645 541
750 452
679 419
690 546
711 360
656 393
707 357
619 533
742 486
729 386
693 539
728 415
743 408
614 424
603 360
671 501
630 485
630 453
750 497
603 392
645 471
704 368
649 542
738 532
608 394
708 371
633 550
669 425
737 373
696 485
690 498
745 436
683 429
741 448
645 364
690 439
749 426
684 504
655 400
738 381
607 527
600 493
677 360
650 529
723 388
724 470
742 409
664 513
650 544
602 460
718 371
635 400
616 442
703 496
721 444
684 497
702 484
636 383
670 522
729 499
677 477
677 381
673 378
646 422
679 544
744 425
697 510
688 376
718 393
602 400
603 537
725 441
618 435
676 393
748 395
699 464
640 354
711 549
724 420
664 503
621 408
722 459
673 493
631 355
647 506
687 541
639 369
657 352
725 505
603 362
644 504
647 384
697 435
684 387
717 468
661 496
626 499
693 420
601 547
620 405
625 396
659 416
722 390
653 370
625 433
603 533
628 462
748 513
616 442
619 440
603 362
638 427
623 485
602 365
729 360
706 359
639 475
704 388
670 539
618 490
735 487
734 452
699 473
728 362
692 497
611 409
733 401
691 520
611 485
705 388
735 366
666 476
640 375
645 454
683 497
638 385
721 379
684 406
639 478
669 373
608 544
654 522
688 464
722 446
644 485
723 412
647 355
621 414
608 521
679 541
655 387
688 549
668 443
700 495
652 484
738 371
696 437
716 404
684 380
741 443
601 518
603 405
646 472
602 419
664 353
746 369
618 476
710 350
620 410
621 412
639 491
658 512
660 403
677 448
670 392
728 488
689 439
707 504
611 497
618 366
668 451
619 548
689 466
710 403
651 380
626 540
658 466
749 418
675 357
648 364
668 498
728 524
727 372
749 369
628 442
651 467
727 524
639 389
623 406
670 463
617 519
673 368
624 469
605 409
687 367
623 443
651 409
685 513
624 531
693 369
667 464
726 487
718 363
664 448
624 401
623 442
659 392
616 418
661 403
607 527
731 536
624 352
718 416
666 425
733 474
604 453
729 417
729 428
633 472
741 439
693 428
727 431
742 406
708 459
647 446
684 508
654 434
665 477
655 468
713 432
681 403
719 427
722 490
627 539
644 478
660 366
617 380
699 383
648 456
624 369
690 433
680 424
677 455
703 519
616 392
609 516
649 419
706 454
616 485
716 404
603 472
654 360
624 523
713 371
687 363
723 498
607 532
746 492
641 522
698 504
626 368
641 381
703 416
723 447
677 537
634 392
747 532
690 527
677 379
637 392
741 353
647 454
742 533
723 508
698 452
716 415
612 523
619 368
682 374
665 540
691 437
619 467
641 474
651 359
731 450
679 434
700 452
730 527
655 455
600 492
649 358
647 452
746 435
671 377
660 359
635 542
643 455
692 383
736 399
743 526
681 493
712 375
733 375
642 415
617 469
607 453
706 499
748 524
709 382
667 462
675 519
628 531
741 350
716 442
748 362
615 409
641 446
670 475
749 481
727 436
724 470
650 361
727 525
685 420
663 413
649 523
733 432
609 418
721 381
737 534
732 512
718 454
732 359
739 350
744 531
709 384
739 522
738 519
622 438
609 516
609 367
707 550
712 546
708 350
724 422
739 465
631 440
743 482
631 511
717 445
690 401
697 482
624 375
680 430
730 533
731 515
738 539
626 540
682 471
704 458
712 549
663 415
689 514
683 532
743 548
661 469
673 485
710 495
740 389
749 377
660 379
651 529
702 465
714 531
709 536
634 383
748 472
699 405
619 359
727 370
621 514
627 357
671 398
638 426
673 388
702 464
632 453
606 428
635 484
731 391
621 406
624 550
715 444
644 510
742 441
607 481
637 512
661 434
739 421
745 488
641 452
692 446
653 545
724 521
692 467
612 456
716 515
730 470
670 521
658 440
613 545
696 546
680 387
730 398
640 536
744 375
717 510
720 523
734 534
694 460
710 431
612 412
741 510
649 537
636 514
605 394
710 546
660 483
738 527
616 508
669 498
650 373
703 423
675 496
626 460
729 429
679 444
717 458
745 359
655 411
623 483
662 497
649 480
638 430
602 419
683 360
636 406
678 486
736 502
684 358
665 541
732 476
618 415
601 529
668 521
724 393
666 432
666 524
611 370
688 457
610 402
670 455
678 365
667 517
712 544
716 383
681 519
604 398
657 548
723 508
668 359
669 369
652 376
694 503
738 426
647 511
733 439
692 352
704 532
687 370
707 444
619 524
729 511
644 461
712 445
717 490
734 543
742 365
630 512
633 374
629 499
675 354
682 473
615 355
663 372
706 377
695 504
661 429
647 486
678 535
738 386
666 471
627 380
622 391
680 352
679 355
740 385
665 487
740 369
608 411
658 495
678 416
604 508
719 542
635 350
726 423
687 531
744 525
733 533
601 396
685 449
622 513
603 379
714 381
663 524
647 351
629 464
682 531
620 414
656 533
687 389
734 454
718 409
739 494
732 518
729 356
678 375
607 396
690 484
629 461
734 516
640 393
633 424
744 533
739 444
721 524
600 508
619 493
731 385
634 467
622 421
750 488
703 549
622 400
725 379
711 497
732 470
629 449
692 420
736 420
631 524
717 353
706 459
692 480
603 479
699 415
617 522
750 539
637 355
622 510
700 404
616 544
667 483
602 454
745 529
721 511
629 447
679 415
657 549
702 479
696 393
695 400
652 398
689 462
653 397
702 532
642 454
604 538
745 461
603 430
718 351
668 544
635 442
735 456
617 487
623 516
604 404
670 408
670 388
603 369
703 350
746 460
680 468
700 456
707 516
721 371
688 384
659 487
730 495
687 367
637 357
601 434
734 533
624 484
622 519
696 502
737 457
723 499
648 522
645 356
635 547
730 351
698 462
733 415
632 469
736 475
609 538
748 523
673 486
746 497
638 528
682 372
736 415
693 480
631 376
742 525
632 525
609 373
679 372
732 363
600 410
605 483
636 366
719 498
723 407
688 384
632 390
690 387
684 512
616 471
733 454
668 382
662 528
687 390
690 384
749 550
700 407
637 463
694 435
677 415
603 360
607 473
711 410
633 544
717 430
620 370
683 502
619 522
666 422
737 386
682 371
676 436
632 478
633 483
635 501
669 403
639 491
725 502
671 527
733 461
750 423
711 473
722 467
681 529
629 435
683 463
695 382
682 527
740 402
652 355
621 433
708 458
748 474
704 508
747 386
639 532
632 463
636 474
693 389
691 495
621 366
714 399
711 352
701 534
624 462
718 416
739 539
665 449
747 351
719 400
694 548
666 535
721 416
732 437
610 391
606 506
622 371
692 545
672 454
743 373
626 389
607 524
702 480
678 411
668 487
611 425
669 478
623 391
650 453
613 399
606 457
668 372
625 383
649 410
632 488
631 476
706 494
697 434
615 411
614 481
663 468
698 496
685 485
708 433
671 464
613 446
710 514
672 448
632 508
650 517
706 388
670 373
729 379
707 497
673 498
627 360
727 383
733 473
633 393
668 358
735 549
699 546
611 354
733 405
748 392
719 365
620 515
688 466
674 412
609 422
623 439
631 434
700 362
633 449
711 538
700 403
612 455
744 531
602 459
705 373
630 390
636 436
736 482
729 508
625 548
651 537
742 472
638 370
720 395
629 488
610 495
749 457
744 422
600 450
656 392
663 500
657 419
739 529
626 520
681 455
688 442
658 471
613 490
652 550
603 536
657 401
679 431
737 364
722 409
681 371
611 496
664 435
609 511
691 543
618 352
631 470
723 543
663 550
696 489
645 494
666 541
713 378
637 477
652 487
638 533
734 364
695 425
741 530
683 393
654 434
628 475
703 521
629 415
646 353
600 407
687 454
742 550
720 485
634 374
670 503
649 372
687 367
727 499
747 482
619 392
650 430
740 383
663 394
720 524
681 541
749 423
738 392
690 535
607 507
677 434
723 483
681 369
653 505
648 463
656 369
740 395
718 507
691 519
605 528
694 495
741 493
714 379
642 514
627 475
662 415
677 443
725 366
668 354
735 521
658 486
668 433
713 427
632 436
612 350
712 534
611 513
691 488
679 420
626 371
718 397
742 528
647 430
734 499
697 463
699 534
720 447
618 499
681 509
733 463
732 375
675 451
645 410
608 503
698 441
734 358
725 480
699 444
695 491
608 354
739 430
699 472
646 424
688 398
639 373
667 481
617 449
607 431
622 365
736 513
639 384
685 504
748 391
736 405
658 449
600 438
655 415
603 445
699 501
691 443
600 432
747 550
741 356
600 519
634 530
691 455
677 499
749 363
717 521
736 515
684 424
749 373
644 427
658 478
689 489
710 470
713 385
626 542
683 543
731 529
647 550
652 545
606 397
602 417
741 420
678 377
635 461
646 378
687 485
745 395
667 444
695 427
721 382
652 386
685 445
730 417
699 384
712 503
617 504
653 531
626 547
646 426
675 532
637 363
695 471
723 398
710 532
719 363
667 397
714 443
728 406
724 448
603 429
714 397
673 499
686 533
747 528
747 516
703 501
653 522
691 483
606 383
626 384
648 457
743 470
673 421
741 505
601 524
646 456
646 408
652 520
616 370
658 526
702 444
691 474
648 457
661 431
680 470
725 396
740 494
625 445
714 508
690 547
673 512
744 450
688 436
635 364
623 538
662 435
710 392
695 479
658 549
602 503
605 374
699 360
703 473
730 391
625 550
607 425
681 364
736 374
689 366
616 481
709 388
631 368
628 530
621 531
627 504
685 546
684 507
697 487
705 446
696 444
730 384
691 537
699 495
636 510
601 413
619 492
697 508
695 535
619 502
743 533
746 469
694 479
734 392
737 458
663 517
623 521
740 523
664 382
667 513
674 420
610 441
670 432
717 399
606 422
681 507
642 519
736 414
730 429
650 499
713 424
739 466
606 522
700 417
623 465
677 540
663 442
708 509
724 491
702 503
705 516
641 480
694 467
611 517
698 381
686 363
714 479
721 441
732 497
704 458
613 385
706 505
709 383
728 444
713 381
644 455
699 450
667 538
695 459
732 396
618 434
722 497
673 513
710 544
732 368
606 514
638 465
609 533
725 538
667 380
652 491
678 360
626 438
614 404
678 370
617 459
750 376
714 353
728 433
705 474
609 542
664 449
662 363
748 480
723 447
685 452
681 403
671 513
616 477
733 506
699 459
729 483
602 419
711 494
714 502
623 357
658 410
743 361
693 374
674 544
667 489
704 468
615 525
712 364
750 446
714 480
677 409
642 522
636 476
673 493
736 529
600 538
703 356
678 386
644 517
640 498
664 424
617 511
736 468
619 484
615 369
730 504
750 424
630 392
720 457
722 450
714 529
663 440
675 409
719 432
620 420
702 419
608 483
679 438
671 498
661 433
618 534
719 511
741 438
644 457
742 437
661 385
647 373
696 548
745 419
672 547
705 449
708 394
742 501
633 472
743 518
698 548
603 544
730 526
673 366
726 517
661 385
695 488
667 356
608 461
604 373
643 491
740 371
613 480
606 469
621 445
623 366
676 519
631 369
743 455
732 387
740 442
658 531
720 521
625 433
628 460
750 445
744 495
698 474
742 451
665 432
719 384
659 490
723 460
724 401
616 410
674 406
646 528
660 457
687 473
602 387
651 383
633 412
657 459
617 528
666 367
731 452
650 392
683 466
612 495
672 525
741 351
697 355
749 381
726 442
639 462
670 436
627 432
688 374
620 452
723 441
696 440
613 401
617 465
659 351
647 501
626 469
734 506
681 386
666 544
642 540
628 528
667 498
720 406
717 456
660 495
606 371
728 356
657 357
722 425
610 489
711 449
637 465
681 481
610 405
744 477
688 483
719 444
695 519
666 369
650 392
680 399
651 364
723 375
660 522
667 543
697 535
637 402
696 446
714 478
721 506
728 479
728 490
716 422
617 487
640 376
734 404
616 357
675 482
654 531
706 445
697 433
723 424
701 399
670 529
601 481
749 488
726 354
625 452
641 395
647 477
720 547
734 357
660 392
615 356
747 356
654 519
606 400
661 448
604 405
718 409
620 449
615 512
650 364
675 435
628 457
717 530
731 390
672 537
615 406
624 484
693 475
677 497
646 488
731 520
647 492
664 496
631 364
719 458
617 477
691 507
600 510
667 392
624 522
745 405
717 386
600 400
645 429
732 491
651 390
708 544
712 423
735 456
684 479
666 359
663 474
735 350
727 510
686 442
705 379
745 506
612 529
714 476
641 375
738 403
652 489
749 485
719 521
634 371
677 363
622 395
609 400
626 450
629 545
676 451
659 370
727 463
722 440
734 430
724 467
637 480
726 386
653 363
624 498
604 475
670 476
668 425
603 408
732 457
617 410
695 430
604 449
641 491
745 487
608 358
695 352
692 424
673 376
612 515
678 495
712 521
618 511
656 409
620 370
661 425
724 503
731 365
630 481
626 401
698 549
729 538
678 471
687 477
682 388
679 410
631 468
689 436
699 492
718 351
727 366
631 435
602 513
612 367
650 494
671 465
691 432
617 407
667 437
715 392
680 408
679 365
682 372
673 541
673 380
748 535
634 395
660 466
653 368
626 404
720 498
668 413
694 368
678 476
734 379
686 394
642 407
730 486
679 354
699 412
607 451
697 518
689 424
707 432
706 486
721 548
748 542
686 512
708 400
719 445
605 538
664 368
639 389
739 483
602 454
683 536
636 439
616 482
661 533
617 468
747 534
747 478
669 510
710 495
743 484
672 473
742 519
637 441
678 487
643 464
608 449
642 447
742 397
690 365
689 424
744 427
687 541
738 508
611 397
739 370
704 503
734 423
658 449
621 364
740 413
733 524
664 447
697 534
709 485
733 519
725 511
674 413
648 506
675 360
686 547
727 446
606 430
750 355
616 350
706 381
726 384
691 501
708 481
682 487
679 513
725 472
607 469
692 369
613 509
745 401
669 416
656 545
665 530
612 464
665 443
679 526
630 489
645 544
613 532
653 487
606 474
728 530
748 462
610 489
610 418
723 524
650 450
663 432
690 509
685 490
748 427
625 417
731 531
716 458
655 503
652 411
706 462
733 431
680 524
702 488
657 495
683 363
673 539
653 505
748 416
692 529
619 500
737 501
702 511
657 469
634 511
631 456
675 356
692 526
746 355
744 407
734 409
649 500
613 456
692 481
678 405
697 501
640 512
734 450
689 532
739 395
737 386
746 432
716 460
609 495
714 371
642 350
706 399
704 399
616 371
708 383
712 448
704 444
744 544
698 447
601 496
653 377
708 434
639 417
600 456
618 518
729 500
735 518
692 437
712 548
656 376
688 426
620 549
608 489
635 439
684 388
697 474
635 367
655 358
723 546
705 524
613 451
701 359
660 397
744 385
741 357
610 387
647 430
716 546
609 512
710 375
623 462
615 534
602 540
683 371
641 353
615 445
639 508
633 507
664 517
633 352
644 369
604 453
726 545
622 502
617 516
718 481
646 367
678 464
693 420
612 382
611 353
721 429
676 433
605 378
743 361
655 397
613 396
616 506
705 536
662 492
626 443
626 413
647 545
749 399
669 465
628 428
708 465
724 463
636 431
724 515
709 489
705 524
723 513
720 419
613 480
738 398
628 380
734 532
638 480
669 530
664 408
716 418
630 463
641 364
667 497
713 543
607 378
631 373
630 357
690 486
647 355
688 543
723 519
633 486
652 356
660 397
715 496
678 416
652 418
736 405
728 459
609 390
717 392
604 506
682 512
740 519
646 359
701 529
680 480
647 406
719 501
652 481
737 448
706 430
725 497
665 410
668 370
662 375
645 513
674 495
621 426
715 487
734 460
640 460
666 424
651 471
728 367
617 469
683 478
674 428
611 536
685 382
637 539
714 376
634 438
601 530
643 508
660 462
744 519
697 475
714 465
636 445
606 547
611 446
658 520
643 371
734 449
699 425
637 408
612 475
734 419
683 506
663 391
745 466
627 406
705 430
746 519
728 405
746 387
641 433
613 528
630 549
704 388
730 544
665 497
714 408
712 369
729 497
682 474
741 492
679 350
665 362
690 395
689 536
650 444
625 437
744 463
670 521
696 494
676 490
679 353
702 439
740 470
629 465
681 494
662 537
747 475
736 491
675 389
639 528
686 501
729 483
740 353
735 535
611 461
648 441
625 507
749 438
687 536
645 475
627 440
660 486
639 511
747 482
734 543
709 429
650 399
608 503
614 452
620 378
727 436
656 491
699 537
666 354
647 354
600 424
667 395
662 511
714 352
720 450
721 543
662 476
743 528
744 448
708 514
614 500
721 500
630 492
646 409
614 437
650 401
664 542
734 353
643 365
601 375
709 416
749 357
673 528
670 379
678 442
600 356
733 500
707 458
701 382
737 382
725 477
743 350
603 519
705 507
748 407
750 482
682 461
646 382
620 455
741 428
602 421
743 357
635 399
641 547
696 489
731 450
742 456
729 393
631 396
691 419
685 404
728 539
703 364
718 489
732 542
730 366
658 546
691 439
735 390
737 548
673 479
748 359
698 490
698 434
683 376
630 397
670 403
725 500
636 435
636 404
661 396
719 396
720 464
622 352
691 524
608 450
640 496
749 516
694 497
674 404
715 455
625 361
739 530
718 354
641 433
640 408
619 376
609 402
646 421
614 424
643 501
661 512
672 497
725 384
643 440
615 505
616 534
736 392
657 512
630 359
649 365
641 477
676 513
677 424
711 378
664 506
658 502
724 400
647 366
682 476
613 502
637 519
660 518
618 529
731 482
744 386
613 370
648 510
727 352
663 498
627 547
619 511
624 407
725 492
643 546
619 505
686 507
660 534
603 543
615 411
719 452
669 415
724 511
706 504
645 470
694 434
740 401
632 390
649 529
638 421
649 380
611 413
740 425
724 358
621 529
648 461
624 523
705 395
637 378
659 504
726 533
746 396
642 366
691 412
675 416
671 438
632 509
664 507
630 497
631 516
631 424
716 518
744 412
721 477
642 480
614 428
707 413
700 412
702 456
670 385
612 531
602 384
745 462
698 547
746 371
635 505
710 437
618 517
686 548
719 490
608 491
661 444
603 396
660 371
660 451
694 392
727 480
743 380
683 514
739 537
625 490
728 396
619 380
608 418
606 473
722 412
696 444
708 506
750 431
727 492
648 436
669 412
602 523
702 400
735 356
720 386
660 514
710 534
704 423
658 425
618 457
643 469
602 415
719 374
628 387
684 532
640 536
652 444
601 491
639 427
652 400
612 522
684 486
662 536
750 356
600 427
629 516
719 356
711 365
634 438
748 362
602 429
625 442
636 419
607 404
619 522
684 490
732 436
644 492
636 504
682 528
711 543
745 505
642 489
644 351
642 362
659 517
642 446
680 407
628 429
668 356
612 493
668 507
614 465
693 474
668 449
685 490
606 369
735 380
655 385
727 376
667 388
657 444
708 523
706 515
634 374
601 528
713 472
704 515
694 470
663 388
652 476
702 537
737 360
630 415
719 418
690 435
699 379
620 359
719 374
744 368
651 481
741 434
639 518
609 538
612 429
632 423
686 372
630 452
620 378
722 442
606 434
653 411
713 370
748 383
685 550
688 430
735 419
714 395
724 432
688 402
609 487
735 465
687 526
666 402
621 380
738 544
675 420
621 395
652 380
732 356
663 548
685 444
615 449
625 401
683 368
692 387
615 404
612 429
703 519
638 545
688 424
669 365
608 492
712 397
628 418
649 386
684 413
695 356
637 482
665 412
680 548
613 523
684 441
681 403
628 506
690 452
701 533
632 477
625 465
601 363
649 404
675 425
613 466
653 513
622 396
648 516
745 464
688 458
684 356
748 532
655 545
731 429
610 542
705 485
731 484
648 410
621 376
704 548
710 364
618 423
676 504
640 384
662 518
724 433
600 503
677 434
608 488
666 483
739 399
708 415
602 499
740 544
626 536
746 523
700 437
725 451
745 436
662 425
673 545
651 513
608 464
663 494
615 353
672 405
633 371
622 354
666 375
617 497
706 407
722 466
656 497
682 476
721 527
734 488
731 519
705 377
693 506
622 503
689 522
665 388
709 508
660 362
615 501
611 406
619 489
733 422
617 385
688 534
604 466
740 451
615 426
657 482
694 450
675 514
661 510
657 377
733 404
716 540
691 462
617 468
706 382
746 453
630 524
701 415
638 414
688 416
667 527
643 374
652 464
720 526
668 380
647 394
717 456
625 362
674 363
745 383
701 386
733 479
749 495
684 517
624 535
634 352
669 419
614 480
649 405
681 459
743 353
686 488
629 449
708 532
632 393
634 522
725 542
715 406
667 472
619 438
647 538
608 504
653 386
659 506
654 364
645 548
606 393
602 394
651 521
610 489
613 540
717 397
728 400
731 496
730 535
636 541
643 384
641 365
648 373
740 378
684 488
665 504
653 529
689 528
722 466
715 480
651 422
655 488
731 455
682 375
668 387
699 449
731 469
661 482
620 531
698 452
632 469
619 434
711 492
742 519
651 503
741 390
651 522
607 515
680 383
724 471
687 384
692 538
661 434
639 471
652 435
638 459
713 463
679 360
750 399
738 456
659 478
677 537
644 521
611 509
643 532
749 498
654 460
692 536
677 367
706 455
694 436
655 355
685 544
617 425
702 503
605 513
673 366
628 525
722 524
628 451
707 505
680 390
605 353
638 515
601 425
649 369
604 511
749 398
664 401
602 503
683 388
621 542
639 518
693 492
716 398
614 455
708 386
643 462
711 522
697 350
641 514
720 510
711 418
682 361
705 515
710 397
705 379
744 509
664 368
605 512
673 504
739 361
711 373
722 428
656 480
668 413
627 517
704 432
622 367
738 402
724 381
669 528
642 404
719 394
731 523
706 489
687 420
625 476
704 370
630 504
637 504
679 350
703 421
739 428
662 425
620 398
631 435
649 401
636 395
640 357
691 548
676 421
744 482
619 538
607 510
612 414
670 421
637 538
660 516
658 413
606 532
647 400
620 455
672 457
616 473
700 490
646 459
689 397
657 535
614 457
609 547
697 540
689 540
616 456
675 381
662 368
734 374
672 545
694 370
648 368
723 511
622 469
665 529
666 442
689 498
688 499
742 401
617 525
640 444
640 547
605 429
731 435
621 497
690 374
647 533
688 523
624 446
634 416
642 476
603 365
688 445
744 524
690 440
672 357
615 507
711 420
709 500
748 505
686 387
634 549
645 480
716 472
736 484
672 508
739 521
668 513
663 536
657 422
641 502
694 549
745 415
654 363
645 365
667 524
647 475
679 472
622 419
617 369
646 503
667 457
648 366
724 407
726 421
671 520
686 372
744 493
723 448
672 372
736 537
736 439
709 495
657 441
688 447
728 415
639 384
714 365
689 482
708 516
671 412
653 418
725 427
678 540
657 473
615 443
730 406
747 443
647 440
678 352
665 464
689 457
698 401
610 550
673 436
673 380
673 367
706 421
696 408
612 531
732 527
716 414
741 543
668 453
677 545
729 455
606 519
701 546
617 395
630 539
658 376
666 521
601 471
624 424
728 410
606 428
623 370
728 492
664 529
625 459
733 386
719 428
636 353
680 415
711 486
623 358
693 502
693 445
641 391
691 532
726 544
747 393
668 535
633 485
650 511
721 431
684 529
704 359
684 403
645 394
623 430
737 444
736 471
704 541
650 437
687 364
726 534
608 441
714 374
638 376
625 487
721 534
714 520
727 363
642 529
631 481
658 484
620 351
650 410
647 527
728 393
736 419
622 480
618 466
713 424
645 523
692 517
614 543
683 356
677 451
646 434
707 492
748 427
712 360
694 355
735 487
707 499
669 411
749 503
651 483
654 516
609 482
687 469
646 508
734 471
611 422
739 444
606 446
664 549
648 360
610 442
646 464
644 547
637 503
669 470
732 506
688 409
600 351
661 528
726 517
638 483
649 435
627 449
618 484
735 508
624 547
623 445
627 385
680 364
639 448
707 502
614 463
651 502
668 487
742 421
747 356
716 370
663 495
603 406
693 378
743 534
644 392
697 417
616 539
642 514
690 425
747 434
745 406
665 392
732 450
699 507
739 449
672 436
714 414
614 482
637 540
617 501
722 500
715 399
674 435
677 514
619 503
740 392
602 513
601 549
614 527
699 513
655 514
678 501
653 419
654 396
744 375
635 416
750 393
688 353
732 523
706 531
626 351
664 482
622 378
644 379
637 504
728 506
659 493
712 479
653 393
682 479
690 514
669 390
660 368
622 488
622 484
710 496
734 521
704 359
663 455
634 527
636 534
629 546
643 404
750 439
723 528
672 379
612 413
644 385
704 531
692 420
695 543
655 424
614 467
607 525
610 388
657 432
632 427
726 466
687 411
744 523
603 453
618 362
714 429
644 412
652 492
639 509
609 415
696 352
645 525
611 478
702 434
633 415
732 527
674 477
626 534
696 353
715 544
626 395
667 454
736 521
644 369
660 437
655 477
697 497
701 479
671 517
643 526
721 364
615 415
665 380
605 385
745 506
735 458
643 545
734 354
740 484
639 485
640 421
746 372
746 466
707 388
638 421
635 499
613 459
707 464
741 396
601 512
650 503
652 472
627 419
675 456
626 518
676 465
731 505
662 494
671 537
722 422
663 436
715 394
612 455
615 424
747 510
681 498
733 496
621 524
615 406
658 353
707 374
660 404
663 433
630 390
662 512
631 495
736 376
642 401
733 432
743 380
706 439
713 503
654 506
700 413
677 370
616 511
640 415
627 382
610 499
714 549
699 478
705 379
623 412
713 386
651 428
650 496
640 439
